0.0390625 0.0 0.0
0.078125 0.0 0.01487368785126524
0.1171875 0.0005810034316900485 0.03947521410900772
0.15625 0.0021230039828231627 0.06785132568677592
0.1953125 0.004773446392462848 0.09399198870145022
0.234375 0.008445008451113246 0.11262215307328287
0.2734375 0.012844311305538359 0.11990811609854138
0.3125 0.017528222090637632 0.11396642489817992
0.3515625 0.021980035563222786 0.09509426302712518
0.390625 0.025694655212719863 0.06568320359007977
0.4296875 0.028260405352957353 0.029826673482366062
0.46875 0.029425509785862277 -0.007321791904838136
0.5078125 0.02913950228957954 -0.04034442028954843
0.546875 0.027563548372019055 -0.06439054044114609
0.5859375 0.025048292886036785 -0.07591910614196493
0.625 0.02208270280236628 -0.0732412909744814
0.6640625 0.0192217148736756 -0.056781992164547206
0.703125 0.017003668304747976 -0.02902130004560981
0.7421875 0.015870023771716344 0.005874895857668563
0.78125 0.016099511891156524 0.042679237848908674
0.8203125 0.01776666961962952 0.0758878948295787
0.859375 0.020731040511409938 0.10054778976659705
0.8984375 0.024658688549167633 0.11300130305248596
0.9375 0.029072801949655364 0.11143615652261156
0.9765625 0.03342577681381988 0.09615755619005853
1.015625 0.037181931352494035 0.06954153289738293
1.0546875 0.03989839748129806 0.0356764634786806
1.09375 0.04129200933593402 -0.00025325656150686215
1.1328125 0.04128211650150016 -0.032748562901289954
1.171875 0.04000287576316852 -0.056824400627560945
1.2109375 0.03778317261365442 -0.06876090138279775
1.25 0.03509719990338889 -0.06666390227262706
1.2890625 0.03249314122086439 -0.05075037049038135
1.328125 0.03051070487358387 -0.023315740314195532
1.3671875 0.029599933767560607 0.011611910385271908
1.40625 0.03005352401698529 0.04887873841621934
1.4453125 0.031962849736368856 0.08298163383779135
1.484375 0.03520431980815758 0.10889735063264261
1.5234375 0.03945812256724518 0.12283935251724823
1.5625 0.04425653477495019 0.12282834769326542
1.6015625 0.04905451710671837 0.10899055589498698
1.640625 0.053311960696366296 0.08353877056278829
1.6796875 0.05657519392147521 0.05043906849950543
1.71875 0.05854547003473714 0.014813379111586603
1.7578125 0.05912411765628349 -0.017832079788181306
1.796875 0.058427552039557656 -0.042436258020791665
1.8359375 0.056769885710620485 -0.05514565740011354
1.875 0.054615758468428546 -0.05389478566743034
1.9140625 0.05251049340329455 -0.03871723038180465
1.953125 0.05099810159150531 -0.0117404872213232
1.9921875 0.05053948880942237 0.023134678121216157
2.03125 0.05144318717353238 0.06082202791889681
2.0703125 0.053819047639114284 0.09581625412693065
2.109375 0.05756187006594751 0.1230225197230905
2.1484375 0.06236743724263073 0.1385241631184694
2.1875 0.06777853736444595 0.14017290529209403
2.2265625 0.07325404147741837 0.1279126406043547
2.265625 0.07825062900102597 0.10378802986314531
2.3046875 0.08230484891755509 0.07163660112097739
2.34375 0.08510315364884327 0.03651074561421176
2.3828125 0.08652935464939841 0.003916689577442026
2.421875 0.08668235033601725 -0.021014903376077324
2.4609375 0.08586145567288922 -0.03430174424603326
2.5 0.08452154378827854 -0.03370971499036799
2.5390625 0.08320475804646729 -0.019089285302587477
2.578125 0.08245908283933497 0.007602134003464999
2.6171875 0.08275604119884532 0.04259526883151048
2.65625 0.08441991888757619 0.08087703531033669
2.6953125 0.08757917807938621 0.11694598759607781
2.734375 0.09214738071985801 0.14564134624673616
2.7734375 0.09783649580762113 0.1629207079870333
2.8125 0.10420058596336462 0.1664692692179926
2.8515625 0.11070329179219246 0.15604877934392172
2.890625 0.11679894723531441 0.1335336516427368
2.9296875 0.12201510550260881 0.10262879146511014
2.96875 0.1260240426692147 0.06831165321655394
3.0078125 0.12869246662298633 0.036082584576867714
3.046875 0.13010194258302024 0.011136399377133437
3.0859375 0.13053695818368952 -0.0024200119491044926
3.125 0.13044242646692764 -0.002186161323757402
3.1640625 0.13035702954021836 0.012170647274403479
3.203125 0.13083244544937475 0.03886546361681877
3.2421875 0.13235062762190675 0.07426488364418149
3.28125 0.1352515996392576 0.11343473284870886
3.3203125 0.13968264389116028 0.1508837282305436
3.359375 0.1455765395251659 0.18139108080733718
3.3984375 0.1526621286192025 0.20079335438994847
3.4375 0.16050561902505986 0.20661203469135014
3.4765625 0.16857640163019072 0.19842726102132718
3.515625 0.17632746651383632 0.17794141533029895
3.5546875 0.18327830305017612 0.14872298868142036
3.59375 0.1890877947955441 0.11566931383282303
3.6328125 0.19360612736713875 0.08426910754129502
3.671875 0.1968978893804706 0.05977592636805923
3.7109375 0.1992328865042229 0.04641706132157977
3.75 0.20104605296209713 0.04675705755400155
3.7890625 0.20287250052280031 0.061311749915013994
3.828125 0.20526749075385556 0.08847096308775229
3.8671875 0.20872338774947088 0.12474152241224248
3.90625 0.21359610346869912 0.16527396431013802
3.9453125 0.22005211769956387 0.20459359376685188
3.984375 0.22804405495608152 0.23742574992384005
4.0234375 0.23731849831248153 0.2594909476866037
4.0625 0.24745486345648948 0.26815010166669967
4.1015625 0.25792947680284495 0.26280262500288126
4.140625 0.26819520434202 0.24497742686348709
4.1796875 0.27776463507887494 0.2181030995521164
4.21875 0.2862842874051295 0.18699191863392325
4.2578125 0.29358865922676713 0.1571153957187363
4.296875 0.29972597937203027 0.1337805276989161
4.3359375 0.30495178123526917 0.1213308470726343
4.375 0.30969126744904396 0.12249264152578766
4.4140625 0.31447613625864507 0.13796484012330654
4.453125 0.31986538782596174 0.166314353276126
4.4921875 0.3263620422508104 0.20419263476734203
4.53125 0.3343383170464097 0.24684083962885897
4.5703125 0.34398053734441203 0.28880747255025613
4.609375 0.3552620792409064 0.32477040822762576
4.6484375 0.36794842331229805 0.35033944066086187
4.6875 0.38163355771311297 0.36271845188164026
4.7265625 0.39580224723973956 0.3611274399913825
4.765625 0.40990878786440293 0.34692082539404656
4.8046875 0.4234603826063579 0.32338421208494855
4.84375 0.4360925783909262 0.2952402240227303
4.8828125 0.4476253996418141 0.26793786664189906
4.921875 0.45809172255751324 0.24683247713630677
4.9609375 0.46773361619565024 0.23637981078089976
5.0 0.47696720255427916 0.23946568087691034
