0.01953125 0.12465623097646072
0.0390625 0.25231504293366
0.05859375 0.38108274335968073
0.078125 0.5089691168402434
0.09765625 0.6339152559017098
0.1171875 0.7538238292299315
0.13671875 0.8665914021795559
0.15625 0.9701423674679166
0.17578125 1.062463991447045
0.1953125 1.1416420346553349
0.21484375 1.2058963657324444
0.234375 1.253615956451134
0.25390625 1.2833926237109472
0.2734375 1.2940528728730416
0.29296875 1.2846871966741724
0.3125 1.2546761958518378
0.33203125 1.203712912055195
0.3515625 1.1318208008977937
0.37109375 1.0393668231735447
0.390625 0.9270691950883587
0.41015625 0.7959994133612873
0.4296875 0.6475782574404179
0.44921875 0.4835655677924813
0.46875 0.3060437049103654
0.48828125 0.11739470671683544
0.5078125 -0.07972871945048837
0.52734375 -0.2824381122127922
0.546875 -0.48764969787878165
0.56640625 -0.6921298559689921
0.5859375 -0.8925449883745755
0.60546875 -1.0855150609678927
0.625 -1.2676699846701203
0.64453125 -1.435707912951633
0.6640625 -1.5864544569494758
0.68359375 -1.7169217601074034
0.703125 -1.8243663335095321
0.72265625 -1.906344532617526
0.7421875 -1.9607645573034236
0.76171875 -1.9859338808561728
0.78125 -1.9806010605371376
0.80078125 -1.9439909522880396
0.8203125 -1.8758324448612091
0.83984375 -1.776377942927926
0.859375 -1.6464139630800072
0.87890625 -1.4872623590109468
0.8984375 -1.3007718599933065
0.91796875 -1.089299787053444
0.9375 -0.8556840005762265
0.95703125 -0.6032053277059987
0.9765625 -0.33554091383698903
0.99609375 -0.05670913551836154
1.015625 0.22899310203896328
1.03515625 0.5170596852387955
1.0546875 0.8028500737017868
1.07421875 1.0816682474125754
1.09375 1.3488444074456287
1.11328125 1.5998179284574863
1.1328125 1.8302200003247326
1.15234375 2.035954366648692
1.171875 2.213274570798196
1.19140625 2.358856156471549
1.2109375 2.469862339432856
1.23046875 2.5440017693548915
1.25 2.5795771340518034
1.26953125 2.575523520531534
1.2890625 2.5314356352488225
1.30859375 2.447583196047681
1.328125 2.3249140363177663
1.34765625 2.165044703130854
1.3671875 1.9702385804634392
1.38671875 1.7433718206707636
1.40625 1.4878876166330144
1.42578125 1.207739587909322
1.4453125 0.9073252813932624
1.46484375 0.591410995201695
1.484375 0.2650493190649491
1.50390625 -0.06650905896029491
1.5234375 -0.39790760473490816
1.54296875 -0.723778484240077
1.5625 -1.0388375852722325
1.58203125 -1.3379781808516125
1.6015625 -1.6163614238838344
1.62109375 -1.869501924143975
1.640625 -2.0933467570946513
1.66015625 -2.2843463872503533
1.6796875 -2.4395161538054078
1.69921875 -2.5564871593687193
1.71875 -2.633545619571816
1.73828125 -2.6696599671816106
1.7578125 -2.6644952538855646
1.77734375 -2.6184146505694765
1.796875 -2.532468106972216
1.81640625 -2.4083684883612047
1.8359375 -2.2484557547369475
1.85546875 -2.0556499817126808
1.875 -1.8333942366777798
1.89453125 -1.5855885146897424
1.9140625 -1.3165161018948166
1.93359375 -1.030763866977489
1.953125 -0.7331380807551462
1.97265625 -0.42857742892809714
1.9921875 -0.12206491234423439
2.01171875 0.18145967706081284
2.03125 0.4771850574323052
2.05078125 0.760509962181336
2.0703125 1.0271193811127088
2.08984375 1.2730542024114921
2.109375 1.4947730778783281
2.12890625 1.6892055118151938
2.1484375 1.8537953682058714
2.16796875 1.9865341967546206
2.1875 2.08598399125356
2.20703125 2.151289208933638
2.2265625 2.182178092293871
2.24609375 2.1789535409695486
2.265625 2.1424739763519947
2.28515625 2.0741248221442907
2.3046875 1.975781386511276
2.32421875 1.8497640731483742
2.34375 1.6987869671962286
2.36328125 1.5259009357948172
2.3828125 1.3344324511291794
2.40234375 1.1279193855966085
2.421875 0.9100450443357102
2.44140625 0.6845716904737198
2.4609375 0.45527478426246926
2.48046875 0.22587910044843185
2.5 -2.1891663923578886e-06
2.51953125 -0.2189244765459606
2.5390625 -0.4276638411689827
2.55859375 -0.6232635797597292
2.578125 -0.8030745180694068
2.59765625 -0.9647886202036134
2.6171875 -1.1064655537540469
2.63671875 -1.2265520120936593
2.65625 -1.3238937357776681
2.67578125 -1.3977403103976203
2.6953125 -1.447742946044009
2.71484375 -1.473945561607978
2.734375 -1.4767696036690618
2.75390625 -1.456993123181282
2.7734375 -1.415724712437284
2.79296875 -1.3543729690624149
2.8125 -1.2746122026165139
2.83203125 -1.1783451326443306
2.8515625 -1.067663344916453
2.87109375 -0.9448062756353939
2.890625 -0.812119482304876
2.91015625 -0.6720129357658587
2.9296875 -0.5269200317793723
2.94921875 -0.3792579738330952
2.96875 -0.2313901230377215
2.98828125 -0.08559084761702007
3.0078125 0.055986664813732906
3.02734375 0.19133924262610977
3.046875 0.3186389000336739
3.06640625 0.4362541058091538
3.0859375 0.5427669925379968
3.10546875 0.6369864237304129
3.125 0.7179569088761356
3.14453125 0.7849634252947091
3.1640625 0.8375322694493134
3.18359375 0.8754281184498188
3.203125 0.8986475341264768
3.22265625 0.9074091868250689
3.2421875 0.9021411136304865
3.26171875 0.883465355893294
3.28125 0.8521803436809986
3.30078125 0.8092414102038079
3.3203125 0.755739827595871
3.33984375 0.6928807569972666
3.359375 0.6219605011023586
3.37890625 0.5443434367178388
3.3984375 0.4614389889730986
3.41796875 0.3746789882586885
3.4375 0.28549572638094756
3.45703125 0.19530100047698132
3.4765625 0.10546640260457542
3.49609375 0.01730508027073989
3.515625 -0.06794484086236915
3.53515625 -0.14913501563396242
3.5546875 -0.2252196978902392
3.57421875 -0.2952665318977403
3.59375 -0.3584652634245318
3.61328125 -0.414134349636655
3.6328125 -0.4617254776416102
3.65234375 -0.5008260301596001
3.671875 -0.5311595631415623
3.69140625 -0.5525843839619373
3.7109375 -0.5650903399301362
3.73046875 -0.568793945177238
3.75 -0.5639319894230918
3.76953125 -0.5508537846999031
3.7890625 -0.5300122158304362
3.80859375 -0.5019537673995602
3.828125 -0.4673077042184518
3.84765625 -0.4267745839922484
3.8671875 -0.38111428022008975
3.88671875 -0.3311336904574019
3.90625 -0.2776743001459267
3.92578125 -0.22159976547104054
3.9453125 -0.1637836703496242
3.96484375 -0.10509760290039681
3.984375 -0.046399685818000955
4.00390625 0.011476316824490324
4.0234375 0.06773120647452788
4.04296875 0.12160977404239319
4.0625 0.17240935780730332
4.08203125 0.21948746597316837
4.1015625 0.2622684083449459
4.12109375 0.3002488952476381
4.140625 0.3330025751876019
4.16015625 0.36018349573508635
4.1796875 0.3815284845775827
4.19921875 0.3968584595601441
4.21875 0.4060786877101016
4.23828125 0.4091780236722861
4.2578125 0.4062271676029541
4.27734375 0.39737599134465335
4.296875 0.3828499896005493
4.31640625 0.36294591982637686
4.3359375 0.3380267006522182
4.35546875 0.3085156438346668
4.375 0.27489009903052175
4.39453125 0.2376745940908005
4.4140625 0.19743355611944985
4.43359375 0.15476370025062547
4.453125 0.11028617400200985
4.47265625 0.06463854519295247
4.4921875 0.018466720811518858
4.51171875 -0.027583117087914277
4.53125 -0.07287247433546319
4.55078125 -0.11677832490213973
4.5703125 -0.15870063007414387
4.58984375 -0.19806952184843746
4.609375 -0.23435208003958158
4.62890625 -0.2670586372299259
4.6484375 -0.2957485507535907
4.66796875 -0.3200353863408094
4.6875 -0.33959146382546396
4.70703125 -0.35415172139820855
4.7265625 -0.36351686123433624
4.74609375 -0.3675557459039872
4.765625 -0.3662070217473621
4.78515625 -0.359479952334458
4.8046875 -0.3474544521926824
4.82421875 -0.330280318141475
4.84375 -0.308175662785273
4.86328125 -0.2814245619485224
4.8828125 -0.2503739350517299
4.90234375 -0.21542968458727124
4.921875 -0.1770521279178866
4.94140625 -0.13575076154790072
4.9609375 -0.09207840476379525
4.98046875 -0.046624776061485726
5.0 -9.56202517898852e-06
5.01953125 0.047124955752348215
5.0390625 0.09412164456709787
5.05859375 0.1403165590537484
5.078125 0.18504719328062286
5.09765625 0.2276608614776542
5.1171875 0.26752311887551544
5.13671875 0.3040261312766852
5.15625 0.33659689983163776
5.17578125 0.3647052461123145
5.1953125 0.3878714620158107
5.21484375 0.4056735293467457
5.234375 0.41775381516678556
5.25390625 0.4238251512097046
5.2734375 0.42367620888030766
5.29296875 0.41717608561909747
5.3125 0.40427802374765087
5.33203125 0.3850221893292044
5.3515625 0.3595374460916493
5.37109375 0.32804206806120884
5.390625 0.29084334422698066
5.41015625 0.2483360392677819
5.4296875 0.20099968607675878
5.44921875 0.14939469845333286
5.46875 0.09415730581655958
5.48828125 0.035993326031450265
5.5078125 -0.024329192685421434
5.52734375 -0.085988414436863
5.546875 -0.14811818082025352
5.56640625 -0.2098184206273023
5.5859375 -0.27016641019078125
5.60546875 -0.3282287748175359
5.625 -0.38307410649940943
5.64453125 -0.4337860585155522
5.6640625 -0.47947676387623256
5.68359375 -0.5193004120635405
5.703125 -0.5524668074575184
5.72265625 -0.5782547234583233
5.7421875 -0.5960248588848918
5.76171875 -0.605232198000556
5.78125 -0.6054375727270797
5.80078125 -0.5963182254851473
5.8203125 -0.5776771738441945
5.83984375 -0.5494511839530029
5.859375 -0.5117171686972541
5.87890625 -0.46469683879520784
5.8984375 -0.40875945065785013
5.91796875 -0.3444225138160113
5.9375 -0.2723503430107024
5.95703125 -0.1933503655524564
5.9765625 -0.10836712311679779
5.99609375 -0.018473938527066525
6.015625 0.07513774801332063
6.03515625 0.1711713327033106
6.0546875 0.26824021360004696
6.07421875 0.36488505036658303
6.09375 0.4595929612143682
6.11328125 0.550818460169441
6.1328125 0.6370058986272615
6.15234375 0.7166131373186365
6.171875 0.7881361390333842
6.19140625 0.850134139506687
6.2109375 0.9012550245424297
6.23046875 0.940260516500412
6.25 0.966050753462246
6.26953125 0.9776878304294375
6.2890625 0.9744178644582976
6.30859375 0.9556911452901609
6.328125 0.9211799402929635
6.34765625 0.870793537786048
6.3671875 0.8046901363452623
6.38671875 0.7232852196123143
6.40625 0.6272560964404453
6.42578125 0.5175423347126995
6.4453125 0.39534187351036887
6.46484375 0.26210266194846144
6.484375 0.11950974321005486
6.50390625 -0.030532221802075654
6.5234375 -0.18592091630145355
6.54296875 -0.3443826562285013
6.5625 -0.5035027611663836
6.58203125 -0.660759676936138
6.6015625 -0.8135624343389257
6.62109375 -0.959290946593268
6.640625 -1.0953385708712162
6.66015625 -1.21915628877841
6.6796875 -1.3282977984388997
6.69921875 -1.4204647587671981
6.71875 -1.4935513861669085
6.73828125 -1.5456875767732463
6.7578125 -1.5752797147554907
6.77734375 -1.5810483301873635
6.796875 -1.5620617893852835
6.81640625 -1.5177652369124321
6.8359375 -1.4480040618256076
6.85546875 -1.3530412310214395
6.875 -1.233567919164985
6.89453125 -1.0907069667200964
6.9140625 -0.9260088137255533
6.93359375 -0.7414396854749928
6.953125 -0.5393619451031526
6.97265625 -0.32250667486358425
6.9921875 -0.0939386999143958
7.01171875 0.14298557723203176
7.03125 0.3846670099299293
7.05078125 0.6273185372194711
7.0703125 0.8670251972073489
7.08984375 1.0998083797788545
7.109375 1.321693257236542
7.12890625 1.5287782313816387
7.1484375 1.7173051554049807
7.16796875 1.883729031244155
7.1875 2.0247858499053715
7.20703125 2.1375572352908176
7.2265625 2.219530572439937
7.24609375 2.268653349339614
7.265625 2.2833805175285398
7.28515625 2.262713779928611
7.3046875 2.206231843355023
7.32421875 2.114110826028287
7.34375 1.9871341845684998
7.36328125 1.8266917172582198
7.3828125 1.634767407164524
7.40234375 1.413916085918634
7.421875 1.167229122107936
7.44140625 0.8982895626206269
7.4609375 0.6111173760184743
7.48046875 0.31010565917226984
7.5 -5.1132878314430474e-05
7.51953125 -0.31443569325037585
7.5390625 -0.6279917069699184
7.55859375 -0.9356115016239157
7.578125 -1.2322258724380273
7.59765625 -1.512894379978636
7.6171875 -1.7728943840741802
7.63671875 -2.0078070790102935
7.65625 -2.2135988331065506
7.67578125 -2.3866962101237648
7.6953125 -2.524053159431249
7.71484375 -2.623209004507009
7.734375 -2.6823360323828727
7.75390625 -2.7002756865787045
7.7734375 -2.6765625887344107
7.79296875 -2.611435854819855
7.8125 -2.505837425300011
7.83203125 -2.3613973894405693
7.8515625 -2.1804065463398765
7.87109375 -1.9657767034827471
7.890625 -1.720989461920623
7.91015625 -1.450034470092985
7.9296875 -1.157338340664832
7.94921875 -0.8476856118827705
7.96875 -0.5261332927497894
7.98828125 -0.19792065636998735
8.0078125 0.1316239645340237
8.02734375 0.4571775735057395
8.046875 0.7735162769870407
8.06640625 1.0756066250898848
8.0859375 1.3586927914232532
8.10546875 1.6183779542431682
8.125 1.8506983719178198
8.14453125 2.052188806602159
8.1640625 2.219938137248839
8.18359375 2.35163421224361
8.203125 2.445597218200655
8.22265625 2.500801079625314
8.2421875 2.5168826488953484
8.26171875 2.494138691914007
8.28125 2.433510916504142
8.30078125 2.336559522992394
8.3203125 2.2054259746380804
8.33984375 2.042785885174907
8.359375 1.851793097851528
8.37890625 1.6360161816704095
8.3984375 1.3993686933819167
8.41796875 1.1460346462434639
8.4375 0.8803906873829318
8.45703125 0.6069265143301223
8.4765625 0.33016505814626734
8.49609375 0.05458392653612759
8.515625 -0.21546046302690164
8.53515625 -0.4758047205935845
8.5546875 -0.722545066719836
8.57421875 -0.9520975724477152
8.59375 -1.1612511213077308
8.61328125 -1.3472123259429902
8.6328125 -1.507641809438856
8.65234375 -1.64068144479228
8.671875 -1.7449723311602128
8.69140625 -1.819663468687618
8.7109375 -1.8644112711312095
8.73046875 -1.8793702237360843
8.75 -1.8651751497977658
8.76953125 -1.8229156903527521
8.7890625 -1.754103725222345
8.80859375 -1.660634568388316
8.828125 -1.5447428550892928
8.84765625 -1.4089541012673494
8.8671875 -1.2560329577226188
8.88671875 -1.0889292016744496
8.90625 -0.9107225079462199
8.92578125 -0.7245670216586895
8.9453125 -0.5336367154685306
8.96484375 -0.3410724586743865
8.984375 -0.14993165484500937
9.00390625 0.03685877887771255
9.0234375 0.21654541171408864
9.04296875 0.3865867016011235
9.0625 0.5446863312155719
9.08203125 0.6888211203994353
9.1015625 0.8172632703017014
9.12109375 0.9285968060144378
9.140625 1.021728192768007
9.16015625 1.0958912039797957
9.1796875 1.1506462159542805
9.19921875 1.1858741923716485
9.21875 1.2017657006857698
9.23828125 1.1988053712428295
9.2578125 1.1777522676489567
9.27734375 1.139616683232131
9.296875 1.085633913179136
9.31640625 1.017235575133475
9.3359375 0.9360190629816157
9.35546875 0.8437157196947056
9.375 0.7421583060657918
9.39453125 0.6332483237714397
9.4140625 0.5189237242966989
9.43359375 0.4011275008948759
9.453125 0.28177761997955175
9.47265625 0.1627387022808733
9.4921875 0.04579581387613785
9.51171875 -0.06736932604253885
9.53125 -0.17519946896618271
9.55078125 -0.2762800967554645
9.5703125 -0.3693546774099055
9.58984375 -0.45333683190648455
9.609375 -0.527319379963778
9.62890625 -0.5905802827838628
9.6484375 -0.6425855476972033
9.66796875 -0.6829892026401412
9.6875 -0.7116304870907562
9.70703125 -0.7285284401423255
9.7265625 -0.7338740955726383
9.74609375 -0.728020517938774
9.765625 -0.7114709328501971
9.78515625 -0.6848652186936265
9.8046875 -0.6489650363246977
9.82421875 -0.6046378777970149
9.84375 -0.5528403153223141
9.86328125 -0.4946007276507955
9.8828125 -0.4310017732745985
9.90234375 -0.36316286866873754
9.921875 -0.29222291559487035
9.94140625 -0.21932350472120235
9.9609375 -0.14559280388064783
9.98046875 -0.07213031862249496
10.0 7.309273592853716e-06
