0.0048828125 0.030822346561336856
0.009765625 0.06191726747157396
0.0146484375 0.09325726219963258
0.01953125 0.12481430802681848
0.0244140625 0.15655988202192817
0.029296875 0.18846498377312249
0.0341796875 0.22050015886292523
0.0390625 0.252635523071737
0.0439453125 0.2848407872942868
0.048828125 0.31708528315248014
0.0537109375 0.34933798928713966
0.05859375 0.3815675583101795
0.0634765625 0.41374234439780194
0.068359375 0.4458304315043611
0.0732421875 0.4777996621756037
0.078125 0.5096176669390684
0.0830078125 0.5412518942485092
0.087890625 0.5726696409583061
0.0927734375 0.6038380833029304
0.09765625 0.6347243083556591
0.1025390625 0.6652953459398666
0.107421875 0.6955182009653806
0.1123046875 0.7253598861615571
0.1171875 0.754787455177925
0.1220703125 0.7837680360224601
0.126953125 0.8122688648067828
0.1318359375 0.8402573197668303
0.13671875 0.8677009555268336
0.1416015625 0.894567537573737
0.146484375 0.9208250769085279
0.1513671875 0.946441864840306
0.15625 0.9713865078883096
0.1611328125 0.9956279627565352
0.166015625 1.0191355713450359
0.1708984375 1.0418790957614683
0.17578125 1.0638287532959718
0.1806640625 1.084955251322015
0.185546875 1.1052298220854289
0.1904296875 1.124624257343472
0.1953125 1.1431109428154294
0.2001953125 1.1606628924059486
0.205078125 1.1772537821620528
0.2099609375 1.1928579839245526
0.21484375 1.2074505986343946
0.2197265625 1.2210074892543537
0.224609375 1.2335053132663736
0.2294921875 1.2449215547048196
0.234375 1.2552345556858926
0.2392578125 1.2644235473935008
0.244140625 1.2724686804819647
0.2490234375 1.279351054856069
0.25390625 1.2850527487891485
0.2587890625 1.2895568473401284
0.263671875 1.2928474700307053
0.2685546875 1.29490979774419
0.2734375 1.2957300988078932
0.2783203125 1.2952957542213674
0.283203125 1.293595281993278
0.2880859375 1.2906183605502055
0.29296875 1.2863558511812465
0.2978515625 1.2807998194828971
0.302734375 1.273943555769376
0.3076171875 1.2657815944142603
0.3125 1.2563097320900758
0.3173828125 1.245525044873296
0.322265625 1.2334259041830775
0.3271484375 1.2200119915229657
0.33203125 1.2052843119957712
0.3369140625 1.1892452065628287
0.341796875 1.1718983630199031
0.3466796875 1.1532488256631146
0.3515625 1.1333030036194043
0.3564453125 1.1120686778172546
0.361328125 1.0895550065746196
0.3662109375 1.0657725297823026
0.37109375 1.0407331716623451
0.3759765625 1.0144502420823518
0.380859375 0.9869384364080938
0.3857421875 0.9582138338781673
0.390625 0.9282938944859772
0.3955078125 0.8971974543558316
0.400390625 0.8649447196014923
0.4052734375 0.8315572586571135
0.41015625 0.7970579930721273
0.4150390625 0.7614711867632846
0.419921875 0.724822433718744
0.4248046875 0.6871386441508133
0.4296875 0.648448029095681
0.4345703125 0.6087800834602386
0.439453125 0.5681655675178736
0.4443359375 0.5266364868569198
0.44921875 0.48422607078726665
0.4541015625 0.4409687492124735
0.458984375 0.3969001279765786
0.4638671875 0.3520569626966619
0.46875 0.3064771310940905
0.4736328125 0.2601996038392578
0.478515625 0.2132644139265133
0.4833984375 0.16571262459787078
0.48828125 0.11758629583596994
0.4931640625 0.06892844944865897
0.498046875 0.019783032769447678
0.5029296875 -0.029805119000039723
0.5078125 -0.07979032177761357
0.5126953125 -0.13012608288821242
0.517578125 -0.18076514262004026
0.5224609375 -0.2316595170156171
0.52734375 -0.2827605418624042
0.5322265625 -0.3340189178458762
0.537109375 -0.3853847568261485
0.5419921875 -0.43680762919753074
0.546875 -0.48823661228866755
0.5517578125 -0.5396203397592503
0.556640625 -0.5909070519476413
0.5615234375 -0.6420446471221434
0.56640625 -0.6929807335870809
0.5712890625 -0.7436626825933307
0.576171875 -0.7940376820014606
0.5810546875 -0.8440527906441957
0.5859375 -0.8936549933335449
0.5908203125 -0.9427912564565868
0.595703125 -0.9914085841026261
0.6005859375 -1.0394540746632117
0.60546875 -1.0868749778453315
0.6103515625 -1.1336187520369958
0.615234375 -1.1796331219633729
0.6201171875 -1.2248661365706568
0.625 -1.2692662270739339
0.6298828125 -1.3127822651044696
0.634765625 -1.3553636208910538
0.6396484375 -1.3969602214093455
0.64453125 -1.4375226084325246
0.6494140625 -1.4770019964159997
0.654296875 -1.5153503301484503
0.6591796875 -1.5525203421010751
0.6640625 -1.5884656094066045
0.6689453125 -1.6231406103993948
0.673828125 -1.6565007806477676
0.6787109375 -1.6885025684096855
0.68359375 -1.7191034894428703
0.6884765625 -1.7482621811005676
0.693359375 -1.7759384556443507
0.6982421875 -1.8020933527056224
0.703125 -1.8266891908278464
0.7080078125 -1.8496896180219762
0.712890625 -1.8710596612680976
0.7177734375 -1.8907657748969247
0.72265625 -1.908775887785503
0.7275390625 -1.9250594493022857
0.732421875 -1.939587473937636
0.7373046875 -1.9523325845568007
0.7421875 -1.963269054213464
0.7470703125 -1.9723728464631596
0.751953125 -1.9796216541170581
0.7568359375 -1.984994936377992
0.76171875 -1.988473954301991
0.7666015625 -1.9900418045301131
0.771484375 -1.9896834512369455
0.7763671875 -1.9873857562438175
0.78125 -1.9831375072465283
0.7861328125 -1.9769294441092184
0.791015625 -1.9687542831779332
0.7958984375 -1.9586067395694058
0.80078125 -1.946483547392659
0.8056640625 -1.9323834778631555
0.810546875 -1.9163073552714316
0.8154296875 -1.8982580707704277
0.8203125 -1.8782405939480662
0.8251953125 -1.8562619821540307
0.830078125 -1.83233138755217
0.8349609375 -1.8064600618724673
0.83984375 -1.7786613588390978
0.8447265625 -1.748950734253729
0.849609375 -1.7173457437158959
0.8544921875 -1.6838660379650163
0.859375 -1.6485333558313764
0.8642578125 -1.6113715147862313
0.869140625 -1.5724063990840127
0.8740234375 -1.531665945492516
0.87890625 -1.4891801266098488
0.8837890625 -1.4449809317698634
0.888671875 -1.3991023455407505
0.8935546875 -1.3515803238244524
0.8984375 -1.302452767567547
0.9033203125 -1.2517594940972558
0.908203125 -1.1995422060992427
0.9130859375 -1.1458444582568816
0.91796875 -1.0907116215746906
0.9228515625 -1.0341908454116298
0.927734375 -0.9763310172529686
0.9326171875 -0.917182720252411
0.9375 -0.8567981885791361
0.9423828125 -0.7952312606073619
0.947265625 -0.732537329988963
0.9521484375 -0.6687732946525661
0.95703125 -0.6039975037754066
0.9619140625 -0.5382697027770544
0.966796875 -0.471650976386894
0.9716796875 -0.4042036898399828
0.9765625 -0.3359914282585925
0.9814453125 -0.2670789342793726
0.986328125 -0.19753204398864535
0.9912109375 -0.12741762123085504
0.99609375 -0.056803490357638736
1.0009765625 0.01424163251263763
1.005859375 0.08564820965273111
1.0107421875 0.1573459532273882
1.015625 0.2292638980607071
1.0205078125 0.30133047559141474
1.025390625 0.37347358893550286
1.0302734375 0.4456206889737835
1.03515625 0.5176988513801333
1.0400390625 0.589634854504503
1.044921875 0.6613552580231759
1.0498046875 0.7327864822672644
1.0546875 0.8038548881390541
1.0595703125 0.8744868575245216
1.064453125 0.9446088741091887
1.0693359375 1.0141476045034215
1.07421875 1.083029979582342
1.0791015625 1.151183275944699
1.083984375 1.2185351973943435
1.0888671875 1.2850139563473675
1.09375 1.3505483550675106
1.0986328125 1.4150678666320973
1.103515625 1.4785027155305603
1.1083984375 1.5407839577975182
1.11328125 1.6018435605824166
1.1181640625 1.6616144810579143
1.123046875 1.720030744569489
1.1279296875 1.7770275219291678
1.1328125 1.8325412057568393
1.1376953125 1.886509485773289
1.142578125 1.938871422949911
1.1474609375 1.9895675224209937
1.15234375 2.038539805065536
1.1572265625 2.0857318776667606
1.162109375 2.1310890015587938
1.1669921875 2.174558159671446
1.171875 2.2160881218855835
1.1767578125 2.2556295086132816
1.181640625 2.293134852518759
1.1865234375 2.328558658298027
1.19140625 2.361857460437233
1.1962890625 2.392989878871844
1.201171875 2.4219166724710863
1.2060546875 2.4486007902744493
1.2109375 2.473007420409543
1.2158203125 2.4951040366232067
1.220703125 2.514860442360452
1.2255859375 2.532248812328626
1.23046875 2.547243731487065
1.2353515625 2.559822231405489
1.240234375 2.5699638239374596
1.2451171875 2.5776505321583687
1.25 2.582866918520658
1.2548828125 2.5856001101822774
1.259765625 2.5858398214677645
1.2646484375 2.5835783734247695
1.26953125 2.578810710442367
1.2744140625 2.5715344139010448
1.279296875 2.56174971282789
1.2841796875 2.549459491534156
1.2890625 2.5346692942161035
1.2939453125 2.517387326503751
1.298828125 2.497624453945971
1.3037109375 2.475394197424159
1.30859375 2.4507127254905483
1.3134765625 2.4235988436311025
1.318359375 2.394073980456766
1.3232421875 2.362162170830752
1.328125 2.3278900359434003
1.3330078125 2.2912867603500358
1.337890625 2.2523840659911
1.3427734375 2.211216183217707
1.34765625 2.1678198188495883
1.3525390625 2.122234121296216
1.357421875 2.0745006427756656
1.3623046875 2.0246632986695348
1.3671875 1.9727683240559317
1.3720703125 1.918864227466216
1.376953125 1.8630017419147817
1.3818359375 1.8052337732547301
1.38671875 1.7456153459157724
1.3916015625 1.6842035460841351
1.396484375 1.6210574623875993
1.4013671875 1.556238124152088
1.40625 1.4898084372994205
1.4111328125 1.4218331179589747
1.416015625 1.3523786238690256
1.4208984375 1.281513083646468
1.42578125 1.2093062240064714
1.4306640625 1.1358292950163504
1.435546875 1.0611549934705704
1.4404296875 0.9853573844763261
1.4453125 0.9085118213415451
1.4501953125 0.8306948638594549
1.455078125 0.7519841950860321
1.4599609375 0.672458536708692
1.46484375 0.5921975631065077
1.4697265625 0.5112818142040351
1.474609375 0.4297926072224838
1.4794921875 0.3478119474335004
1.484375 0.26542243802221877
1.4892578125 0.18270718916748413
1.494140625 0.09974972644826789
1.4990234375 0.01663389868625563
1.50390625 -0.06655621466458371
1.5087890625 -0.14973639646996284
1.513671875 -0.232822385096759
1.5185546875 -0.315729967711614
1.5234375 -0.39837507358401425
1.5283203125 -0.4806738672811266
1.533203125 -0.5625428416417264
1.5380859375 -0.6438989104167636
1.54296875 -0.7246595004644716
1.5478515625 -0.8047426433884295
1.552734375 -0.8840670665076422
1.5576171875 -0.962552283048504
1.5625 -1.0401186814494572
1.5673828125 -1.116687613670248
1.572265625 -1.1921814823989143
1.5771484375 -1.2665238270510195
1.58203125 -1.3396394084571523
1.5869140625 -1.411454292136374
1.591796875 -1.4818959300550723
1.5966796875 -1.5508932407726086
1.6015625 -1.6183766878771852
1.6064453125 -1.6842783566175445
1.611328125 -1.7485320286384063
1.6162109375 -1.8110732547299717
1.62109375 -1.8718394255043642
1.6259765625 -1.9307698399145237
1.630859375 -1.98780577153384
1.6357421875 -2.0428905325176747
1.640625 -2.0959695351708976
1.6455078125 -2.146990351048624
1.650390625 -2.195902767520516
1.6552734375 -2.2426588417322466
1.66015625 -2.287212951901082
1.6650390625 -2.3295218458859344
1.669921875 -2.3695446869757473
1.6748046875 -2.4072430968436307
1.6796875 -2.442581195617793
1.6845703125 -2.475525639024005
1.689453125 -2.506045652558078
1.6943359375 -2.5341130626506327
1.69921875 -2.5597023247902673
1.7041015625 -2.582790548575125
1.708984375 -2.6033575196667575
1.7138671875 -2.621385718624134
1.71875 -2.6368603365996055
1.7236328125 -2.6497692878826085
1.728515625 -2.660103219280898
1.7333984375 -2.66785551633309
1.73828125 -2.6730223063502923
1.7431640625 -2.6756024582886115
1.748046875 -2.6755975794582945
1.7529296875 -2.673012009079243
1.7578125 -2.6678528086965874
1.7626953125 -2.6601297494739247
1.767578125 -2.6498552963857245
1.7724609375 -2.6370445893342565
1.77734375 -2.6217154212202036
1.7822265625 -2.6038882129998977
1.787109375 -2.583585985765818
1.7919921875 -2.560834329890654
1.796875 -2.5356613712788296
1.8017578125 -2.508097734772901
1.806640625 -2.47817650476571
1.8115234375 -2.4459331830725417
1.81640625 -2.4114056441208365
1.8212890625 -2.374634087518224
1.826171875 -2.335660988062763
1.8310546875 -2.294531043262307
1.8359375 -2.251291118432852
1.8408203125 -2.205990189448546
1.845703125 -2.158679283218784
1.8505859375 -2.1094114159704196
1.85546875 -2.0582415294156444
1.8603515625 -2.0052264248884843
1.865234375 -1.9504246955351319
1.8701171875 -1.8938966566455093
1.875 -1.8357042742154848
1.8798828125 -1.7759110918310839
1.884765625 -1.7145821559678278
1.8896484375 -1.651783939799986
1.89453125 -1.5875842656160655
1.8994140625 -1.5220522259382518
1.904296875 -1.4552581034447893
1.9091796875 -1.3872732897954099
1.9140625 -1.318170203460923
1.9189453125 -1.2480222066589353
1.923828125 -1.1769035214983894
1.9287109375 -1.1048891454362038
1.93359375 -1.032054766149736
1.9384765625 -0.9584766759291086
1.943359375 -0.8842316856936099
1.9482421875 -0.8093970387364178
1.953125 -0.7340503243017993
1.9580078125 -0.6582693910987021
1.962890625 -0.582132260854289
1.9677734375 -0.5057170420104625
1.97265625 -0.4291018436657955
1.9775390625 -0.3523646898645214
1.982421875 -0.27558343433334315
1.9873046875 -0.19883567576580347
1.9921875 -0.12219867375281579
1.9970703125 -0.04574926545668814
2.001953125 0.03043621687541205
2.0068359375 0.10628202746410867
2.01171875 0.18171308752375753
2.0166015625 0.25665506467058186
2.021484375 0.33103445112374696
2.0263671875 0.40477864061206453
2.03125 0.4778160039010645
2.0361328125 0.5500759628573209
2.041015625 0.6214890629691618
2.0458984375 0.6919870442452298
2.05078125 0.761502910414782
2.0556640625 0.8299709963561317
2.060546875 0.8973270336822219
2.0654296875 0.9635082144149879
2.0703125 1.0284532526829084
2.0751953125 1.092102444378951
2.080078125 1.154397724718994
2.0849609375 1.215282723643737
2.08984375 1.2747028190101053
2.0947265625 1.3326051875211928
2.099609375 1.388938853346873
2.1044921875 1.4436547343903428
2.109375 1.4967056861590318
2.1142578125 1.5480465432015067
2.119140625 1.5976341580752367
2.1240234375 1.6454274378133413
2.12890625 1.6913873778617132
2.1337890625 1.7354770934612016
2.138671875 1.777661848452847
2.1435546875 1.8179090814874592
2.1484375 1.8561884296241447
2.1533203125 1.892471749305697
2.158203125 1.926733134702062
2.1630859375 1.9589489334163768
2.16796875 1.9890977595513621
2.1728515625 2.0171605041370912
2.177734375 2.0431203429243916
2.1826171875 2.066962741551342
2.1875 2.0886754580934817
2.1923828125 2.108248543011498
2.197265625 2.1256743365132333
2.2021484375 2.140947463349914
2.20703125 2.1540648250694927
2.2119140625 2.165025589752952
2.216796875 2.173831179262303
2.2216796875 2.18048525403186
2.2265625 2.1849936954371243
2.2314453125 2.1873645857783437
2.236328125 2.1876081859184384
2.2412109375 2.1857369106175555
2.24609375 2.1817653016090164
2.2509765625 2.1757099984638364
2.255859375 2.167589707293338
2.2607421875 2.1574251673416347
2.265625 2.1452391155219446
2.2705078125 2.1310562489527767
2.275390625 2.114903185552037
2.2802734375 2.0968084227490102
2.28515625 2.076802294376002
2.2900390625 2.054916925803139
2.294921875 2.03118618738147
2.2998046875 2.0056456462610415
2.3046875 1.9783325166520644
2.3095703125 1.9492856085986205
2.314453125 1.9185452753356143
2.3193359375 1.8861533593008044
2.32421875 1.8521531368748023
2.3291015625 1.816589261922858
2.333984375 1.7795077082131003
2.3388671875 1.7409557107866342
2.34375 1.7009817063555368
2.3486328125 1.6596352728053316
2.353515625 1.616967067878954
2.3583984375 1.5730287671195593
2.36328125 1.5278730011497568
2.3681640625 1.4815532923649928
2.373046875 1.434123991118842
2.3779296875 1.3856402114779036
2.3828125 1.3361577666238484
2.3876953125 1.285733103979904
2.392578125 1.2344232401387245
2.3974609375 1.1822856956681498
2.40234375 1.129378429870829
2.4072265625 1.0757597755730641
2.412109375 1.021488374017522
2.4169921875 0.9666231099336683
2.421875 0.9112230468588985
2.4267578125 0.8553473627823841
2.431640625 0.799055286182606
2.4365234375 0.7424060325284355
2.44140625 0.6854587413124239
2.4462890625 0.6282724136836976
2.451171875 0.5709058507465162
2.4560546875 0.5134175925891458
2.4609375 0.4558658581062246
2.4658203125 0.39830848567626614
2.470703125 0.34080287475434506
2.4755859375 0.2834059284383592
2.48046875 0.2261739970655507
2.4853515625 0.1691628228942078
2.490234375 0.1124274859236576
2.4951171875 0.056022350903801976
2.5 1.015583547779586e-06
2.5048828125 -0.055583739754460536
2.509765625 -0.1106800014273776
2.5146484375 -0.1652367701105501
2.51953125 -0.21920400717940042
2.5244140625 -0.27253267959551086
2.529296875 -0.3251748032997209
2.5341796875 -0.3770834850771747
2.5390625 -0.42821296286140104
2.5439453125 -0.4785186444466704
2.548828125 -0.5279571445800499
2.5537109375 -0.5764863204067636
2.55859375 -0.6240653052446623
2.5634765625 -0.6706545406658078
2.568359375 -0.7162158068653797
2.5732421875 -0.760712251300316
2.578125 -0.8041084155822997
2.5830078125 -0.8463702606118979
2.587890625 -0.8874651899428436
2.5927734375 -0.9273620713676293
2.59765625 -0.966031256717737
2.6025390625 -1.003444599873979
2.607421875 -1.0395754729845434
2.6123046875 -1.0743987808904503
2.6171875 -1.1078909737601947
2.6220703125 -1.14003005793742
2.626953125 -1.170795605007477
2.6318359375 -1.2001687590907333
2.63671875 -1.2281322423724503
2.6416015625 -1.2546703588809804
2.646484375 -1.2797689965279244
2.6513671875 -1.3034156274257453
2.65625 -1.3255993065001466
2.6611328125 -1.3463106684162924
2.666015625 -1.365541922839677
2.6708984375 -1.3832868480541307
2.67578125 -1.3995407829610826
2.6806640625 -1.414300617485792
2.685546875 -1.4275647814177894
2.6904296875 -1.4393332317142629
2.6953125 -1.44960743829655
2.7001953125 -1.4583903683712833
2.705078125 -1.46568646930906
2.7099609375 -1.4715016501147777
2.71484375 -1.4758432615249928
2.7197265625 -1.4787200747688194
2.724609375 -1.480142259029984
2.7294921875 -1.4801213576486945
2.734375 -1.4786702631029673
2.7392578125 -1.4758031908099831
2.744140625 -1.471535651788904
2.7490234375 -1.4658844242273938
2.75390625 -1.4588675239948299
2.7587890625 -1.4505041741458802
2.763671875 -1.4408147734587482
2.7685546875 -1.4298208640529528
2.7734375 -1.4175450981320201
2.7783203125 -1.4040112038969104
2.783203125 -1.3892439506763918
2.7880859375 -1.3732691133209038
2.79296875 -1.3561134359067222
2.7978515625 -1.3378045947974526
2.802734375 -1.3183711611100348
2.8076171875 -1.2978425626325367
2.8125 -1.276249045241063
2.8173828125 -1.2536216338630906
2.822265625 -1.2299920930344703
2.8271484375 -1.2053928870972213
2.83203125 -1.1798571400850635
2.8369140625 -1.153418595343413
2.841796875 -1.1261115749302832
2.8466796875 -1.0979709388442125
2.8515625 -1.0690320441249626
2.8564453125 -1.0393307038723056
2.861328125 -1.008903146227754
2.8662109375 -0.9777859733635667
2.87109375 -0.9460161205228131
2.8759765625 -0.9136308151536704
2.880859375 -0.8806675361804874
2.8857421875 -0.8471639734534717
2.890625 -0.8131579874181281
2.8955078125 -0.7786875690448245
2.900390625 -0.7437908000580662
2.9052734375 -0.7085058135042307
2.91015625 -0.6728707546956573
2.9150390625 -0.6369237425680915
2.919921875 -0.6007028314875662
2.9248046875 -0.5642459735418492
2.9296875 -0.5275909813506137
2.9345703125 -0.4907754914274844
2.939453125 -0.45383692812609144
2.9443359375 -0.41681246820121237
2.94921875 -0.3797390060150216
2.9541015625 -0.3426531194173766
2.958984375 -0.30559103632796936
2.9638671875 -0.26858860204705254
2.96875 -0.23168124732031592
2.9736328125 -0.19490395718234507
2.978515625 -0.15829124060193545
2.9833984375 -0.12187710095137036
2.98828125 -0.08569500732059582
2.9931640625 -0.04977786669604482
2.998046875 -0.014157997022677067
3.0029296875 0.021132898833389827
3.0078125 0.056063758205473574
3.0126953125 0.09060418281515435
3.017578125 0.12472446201553755
3.0224609375 0.1583955950763448
3.02734375 0.1915893124994134
3.0322265625 0.22427809635436752
3.037109375 0.25643519962540096
3.0419921875 0.28803466456128274
3.046875 0.3190513400218576
3.0517578125 0.3494608978154658
3.056640625 0.37923984802284966
3.0615234375 0.4083655533042424
3.06640625 0.4368162421874537
3.0712890625 0.46457102133586836
3.076171875 0.49160988679636347
3.0810546875 0.5179137342282208
3.0859375 0.5434643681151681
3.0908203125 0.5682445099637186
3.095703125 0.5922378054919987
3.1005859375 0.6154288308142517
3.10546875 0.6378030976271851
3.1103515625 0.6593470574052863
3.115234375 0.6800481046131686
3.1201171875 0.6998945789439213
3.125 0.7188757665933286
3.1298828125 0.736981900580689
3.134765625 0.7542041601278066
3.1396484375 0.7705346691085465
3.14453125 0.7859664935821343
3.1494140625 0.8004936384241474
3.154296875 0.8141110430698848
3.1591796875 0.8268145763855145
3.1640625 0.8386010306830839
3.1689453125 0.8494681148961355
3.173828125 0.8594144469333023
3.1787109375 0.8684395452278586
3.18359375 0.8765438195017784
3.1884765625 0.883728560763397
3.193359375 0.8899959305582933
3.1982421875 0.8953489494934964
3.203125 0.8997914850555834
3.2080078125 0.9033282387436661
3.212890625 0.9059647325386704
3.2177734375 0.9077072947306851
3.22265625 0.908563045126506
3.2275390625 0.9085398796598179
3.232421875 0.9076464544267506
3.2373046875 0.9058921691698033
3.2421875 0.9032871502333695
3.2470703125 0.8998422330143012
3.251953125 0.8955689439311292
3.2568359375 0.8904794819357095
3.26171875 0.8845866995911931
3.2666015625 0.8779040837403119
3.271484375 0.870445735788051
3.2763671875 0.8622263516228197
3.28125 0.8532612012002616
3.2861328125 0.8435661078138338
3.291015625 0.8331574270762634
3.2958984375 0.8220520256359347
3.30078125 0.8102672596521858
3.3056640625 0.7978209530533935
3.310546875 0.784731375601606
3.3154296875 0.7710172207873377
3.3203125 0.7566975835779763
3.3251953125 0.7417919380430655
3.330078125 0.7263201148795206
3.3349609375 0.7103022788596071
3.33984375 0.6937589062242666
3.3447265625 0.6767107620441105
3.349609375 0.6591788775701165
3.3544921875 0.6411845275957657
3.359375 0.6227492078520381
3.3642578125 0.603894612456352
3.369140625 0.5846426114361821
3.3740234375 0.5650152283477287
3.37890625 0.5450346180096278
3.3837890625 0.5247230443713041
3.388671875 0.5041028585351576
3.3935546875 0.48319647695136037
3.3984375 0.46202635980360834
3.4033203125 0.4406149896037298
3.408203125 0.41898485001260366
3.4130859375 0.39715840490437504
3.41796875 0.3751580776904872
3.4228515625 0.35300623091956734
3.427734375 0.3307251461687164
3.4326171875 0.30833700424125754
3.4375 0.2858638656854966
3.4423828125 0.2633276516485381
3.447265625 0.24075012507868862
3.4521484375 0.21815287228945915
3.45703125 0.19555728489765592
3.4619140625 0.1729845421475225
3.466796875 0.15045559363236605
3.4716796875 0.12799114242456827
3.4765625 0.10561162862434798
3.4814453125 0.0833372133371055
3.486328125 0.06118776308864364
3.4912109375 0.03918283468702244
3.49609375 0.017341660539268743
3.5009765625 -0.004316865569374453
3.505859375 -0.025774202226508506
3.5107421875 -0.047012173667331875
3.515625 -0.06801298256699824
3.5205078125 -0.08875922234502098
3.525390625 -0.10923388897668981
3.5302734375 -0.12942039230698632
3.53515625 -0.14930256686300258
3.5400390625 -0.16886468216137906
3.544921875 -0.18809145250778647
3.5498046875 -0.20696804628597754
3.5546875 -0.22548009473443265
3.5595703125 -0.24361370020911297
3.564453125 -0.26135544393131915
3.5693359375 -0.2786923932201319
3.57421875 -0.29561210820937955
3.5791015625 -0.31210264804954296
3.583984375 -0.3281525765954609
3.5888671875 -0.3437509675811486
3.59375 -0.35888740928347973
3.5986328125 -0.3735520086769129
3.603515625 -0.3877353950818658
3.6083984375 -0.4014287233097524
3.61328125 -0.4146236763081025
3.6181640625 -0.42731246730957617
3.623046875 -0.4394878414890705
3.6279296875 -0.4511430771334906
3.6328125 -0.46227198632912136
3.6376953125 -0.4728689151718899
3.642578125 -0.4829287435061542
3.6474609375 -0.4924468841979862
3.65234375 -0.50141928194924
3.6572265625 -0.5098424116590106
3.662109375 -0.5177132763393868
3.6669921875 -0.5250294045926972
3.671875 -0.5317888476577234
3.6767578125 -0.537990176032628
3.681640625 -0.5436324756826001
3.6865234375 -0.548715343840469
3.69140625 -0.553238884408774
3.6962890625 -0.5572037029720001
3.701171875 -0.5606109014279077
3.7060546875 -0.5634620722470832
3.7109375 -0.5657592923700312
3.7158203125 -0.5675051167513102
3.720703125 -0.5687025715603822
3.7255859375 -0.5693551470490069
3.73046875 -0.5694667900951591
3.7353515625 -0.5690418964335832
3.740234375 -0.5680853025832296
3.7451171875 -0.5666022774819297
3.75 -0.5645985138387726
3.7548828125 -0.5620801192147445
3.759765625 -0.5590536068422726
3.7646484375 -0.5555258861943908
3.76953125 -0.5515042533143127
3.7744140625 -0.5469963809162445
3.779296875 -0.5420103082683217
3.7841796875 -0.5365544308685866
3.7890625 -0.5306374899249442
3.7939453125 -0.5242685616500589
3.798828125 -0.5174570463821516
3.8037109375 -0.5102126575426624
3.80859375 -0.5025454104417266
3.8134765625 -0.4944656109423957
3.818359375 -0.4859838439945042
3.8232421875 -0.4771109620490471
3.828125 -0.467858073363887
3.8330078125 -0.4582365302115565
3.837890625 -0.448257916999861
3.8427734375 -0.437934038315917
3.84765625 -0.42727690690418635
3.8525390625 -0.41629873158898156
3.857421875 -0.40501190515182794
3.8623046875 -0.39342899217397054
3.8671875 -0.3815627168542092
3.8720703125 -0.36942595081213536
3.876953125 -0.35703170088672603
3.8818359375 -0.34439309694012954
3.88671875 -0.33152337967634604
3.8916015625 -0.3184358884843742
3.896484375 -0.30514404931525363
3.9013671875 -0.29166136260228864
3.90625 -0.2780013912335884
3.9111328125 -0.26417774858590376
3.916015625 -0.25020408662858146
3.9208984375 -0.2360940841062929
3.92578125 -0.22186143480902612
3.9306640625 -0.20751983593765774
3.935546875 -0.19308297657324597
3.9404296875 -0.17856452625800615
3.9453125 -0.16397812369574746
3.9501953125 -0.14933736557936383
3.955078125 -0.13465579555278254
3.9599609375 -0.11994689331458278
3.96484375 -0.10522406387030185
3.9697265625 -0.09050062694025007
3.974609375 -0.07578980652945633
3.9794921875 -0.06110472066616555
3.984375 -0.04645837131510632
3.9892578125 -0.031863634471542605
3.994140625 -0.01733325044191744
3.9990234375 -0.002879814316689504
4.00390625 0.011484233359245142
4.0087890625 0.02574661571336289
4.013671875 0.03989522846458093
4.0185546875 0.053918148629821645
4.0234375 0.06780364301352176
4.0283203125 0.08154017647574627
4.033203125 0.09511641997477874
4.0380859375 0.10852125838027118
4.04296875 0.12174379805324786
4.0478515625 0.13477337418946855
4.052734375 0.14759955792286725
4.0576171875 0.1602121631859925
4.0625 0.1726012533245841
4.0673828125 0.18475714746363037
4.072265625 0.1966704266224562
4.0771484375 0.20833193957659954
4.08203125 0.21973280846443796
4.0869140625 0.23086443413673124
4.091796875 0.24171850124744748
4.0966796875 0.25228698308444114
4.1015625 0.26256214613875006
4.1064453125 0.27253655441147534
4.111328125 0.28220307345740314
4.1162109375 0.2915548741647209
4.12109375 0.3005854362703707
4.1259765625 0.30928855161077157
4.130859375 0.31765832710782943
4.1357421875 0.3256891874903367
4.140625 0.3333758777510457
4.1455078125 0.340713465339879
4.150390625 0.34769734209391656
4.1552734375 0.3543232259049729
4.16015625 0.360587162125749
4.1650390625 0.36648552471571194
4.169921875 0.37201501712802054
4.1748046875 0.37717267293897766
4.1796875 0.38195585622164985
4.1845703125 0.38636226166545123
4.189453125 0.3903899144436415
4.1943359375 0.3940371698308393
4.19921875 0.3973027125727983
4.2041015625 0.4001855560108379
4.208984375 0.40268504096346075
4.2138671875 0.40480083436782766
4.21875 0.40653292768389276
4.2236328125 0.40788163506413494
4.228515625 0.4088475912919468
4.2333984375 0.4094317494918682
4.23828125 0.40963537861497107
4.2431640625 0.4094600607028196
4.248046875 0.40890768793354404
4.2529296875 0.4079804594536769
4.2578125 0.40668087799950603
4.2626953125 0.40501174631180453
4.267578125 0.40297616334789543
4.2724609375 0.4005775202951068
4.27734375 0.39781949638976594
4.2822265625 0.3947060545459702
4.287109375 0.39124143679845863
4.2919921875 0.38743015956399146
4.296875 0.3832770087257227
4.3017578125 0.3787870345451279
4.306640625 0.373965546406121
4.3115234375 0.3688181073960624
4.31640625 0.36335052872842716
4.3212890625 0.3575688640119629
4.326171875 0.3514794033712264
4.3310546875 0.34508866742344296
4.3359375 0.3384034011166845
4.3408203125 0.3314305674344109
4.345703125 0.32417734097146433
4.3505859375 0.3166511013866484
4.35546875 0.30885942673706285
4.3603515625 0.30081008669939907
4.365234375 0.29251103568343606
4.3701171875 0.2839704058430024
4.375 0.2751964999896992
4.3798828125 0.2661977844146986
4.384765625 0.25698288162395516
4.3896484375 0.24756056299218093
4.39453125 0.23793974134095172
4.3994140625 0.22812946344631996
4.404296875 0.21813890248131934
4.4091796875 0.2079773503987496
4.4140625 0.1976542102596326
4.4189453125 0.18717898851272913
4.423828125 0.1765612872305024
4.4287109375 0.1658107963069072
4.43359375 0.15493728562237455
4.4384765625 0.14395059718134914
4.443359375 0.13286063722772246
4.4482421875 0.12167736834348636
4.453125 0.11041080153591247
4.4580078125 0.09907098831853953
4.462890625 0.08766801279122592
4.4677734375 0.0762119837244968
4.47265625 0.064713026653385
4.4775390625 0.053181275985932475
4.482421875 0.041626867131483974
4.4873046875 0.030059928653867436
4.4921875 0.018490574454515775
4.4970703125 0.006928895990543235
4.501953125 -0.004615045467254915
4.5068359375 -0.016131226531556665
4.51171875 -0.027609669345947274
4.5166015625 -0.03904044917780928
4.521484375 -0.05041370195189734
4.5263671875 -0.061719631719881325
4.53125 -0.07294851806119773
4.5361328125 -0.0840907234106078
4.541015625 -0.09513670030792157
4.5458984375 -0.10607699856540889
4.55078125 -0.11690227234848305
4.5556640625 -0.12760328716530825
4.560546875 -0.1381709267610501
4.5654296875 -0.14859619991255754
4.5703125 -0.15887024711933576
4.5751953125 -0.16898434718674252
4.580078125 -0.17892992369741448
4.5849609375 -0.1886985513670061
4.58984375 -0.19828196228040113
4.5947265625 -0.20767205200463548
4.599609375 -0.21686088557485134
4.6044921875 -0.22584070334968304
4.609375 -0.23460392673255945
4.6142578125 -0.2431431637554919
4.619140625 -0.2514512145220019
4.6240234375 -0.25952107650593165
4.62890625 -0.26734594970296605
4.6337890625 -0.2749192416317882
4.638671875 -0.28223457218187736
4.6435546875 -0.2892857783050529
4.6484375 -0.29606691854795986
4.6533203125 -0.3025722774227854
4.658203125 -0.30879636961359186
4.6630859375 -0.3147339440157463
4.66796875 -0.3203799876060258
4.6728515625 -0.3257297291410739
4.677734375 -0.3307786426819831
4.6826171875 -0.3355224509428793
4.6875 -0.3399571284614824
4.6923828125 -0.3440789045897208
4.697265625 -0.3478842663025787
4.7021484375 -0.35136996082345817
4.70703125 -0.3545329980644417
4.7119140625 -0.35737065287994524
4.716796875 -0.35988046713235644
4.7216796875 -0.3620602515683591
4.7265625 -0.3639080875047493
4.7314453125 -0.3654223283226577
4.736328125 -0.36660160076919707
4.7412109375 -0.36744480606566393
4.74609375 -0.3679511208215294
4.7509765625 -0.36811999775356447
4.755859375 -0.36795116620955226
4.7607421875 -0.3674446324961498
4.765625 -0.3666006800105713
4.7705078125 -0.36541986917587416
4.775390625 -0.3639030371797392
4.7802734375 -0.36205129751674675
4.78515625 -0.3598660393342605
4.7900390625 -0.35734892658214146
4.794921875 -0.35450189696662504
4.7998046875 -0.3513271607088041
4.8046875 -0.3478271991082731
4.8095703125 -0.3440047629125971
4.814453125 -0.33986287049338143
4.8193359375 -0.3354048058298278
4.82421875 -0.33063411630077244
4.8291015625 -0.3255546102863136
4.833984375 -0.3201703545802438
4.8388671875 -0.31448567161461344
4.84375 -0.30850513649786193
4.8486328125 -0.3022335738680602
4.853515625 -0.2956760545629196
4.8583984375 -0.28883789210832855
4.86328125 -0.2817246390272877
4.8681640625 -0.2743420829712223
4.873046875 -0.2666962426757553
4.8779296875 -0.2587933637431348
4.8828125 -0.2506399142536119
4.8876953125 -0.24224258020817357
4.892578125 -0.23360826080513702
4.8974609375 -0.2247440635532181
4.90234375 -0.21565729922378887
4.9072265625 -0.20635547664514148
4.912109375 -0.19684629734167766
4.9169921875 -0.18713765002104396
4.921875 -0.1772376049123321
4.9267578125 -0.1671544079585631
4.931640625 -0.15689647486677188
4.9365234375 -0.14647238501910498
4.94140625 -0.13589087524844043
4.9462890625 -0.1251608334821335
4.951171875 -0.11429129225758415
4.9560546875 -0.10329142211341552
4.9609375 -0.09217052486014254
4.9658203125 -0.08093802673429953
4.970703125 -0.06960347144008355
4.9755859375 -0.05817651308265694
4.98046875 -0.046666908997337345
4.9853515625 -0.03508451247898714
4.990234375 -0.023439265415996034
4.9951171875 -0.011741190833330896
5.0 -3.8534920534551154e-07
5.0048828125 0.011772988450001538
5.009765625 0.023568709711873085
5.0146484375 0.03537650709235206
5.01953125 0.04718606659755823
5.0244140625 0.05898703948810863
5.029296875 0.07076905024095553
5.0341796875 0.08252170456369194
5.0390625 0.09423459745621152
5.0439453125 0.10589732131454896
5.048828125 0.11749947407166839
5.0537109375 0.12903066736991095
5.05859375 0.14048053475975913
5.0634765625 0.15183873991952343
5.068359375 0.1630949848905083
5.0732421875 0.17423901832216773
5.078125 0.1852606437217167
5.0830078125 0.19614972770262354
5.087890625 0.2068962082263698
5.0927734375 0.21749010283182785
5.09765625 0.22792151684657366
5.1025390625 0.23818065157442214
5.107421875 0.24825781245344453
5.1123046875 0.25814341717870337
5.1171875 0.26782800378391913
5.1220703125 0.2773022386762637
5.126953125 0.2865569246184619
5.1318359375 0.29558300865236886
5.13671875 0.304371589958183
5.1416015625 0.3129139276434484
5.146484375 0.321201448455999
5.1513671875 0.32922575441499646
5.15625 0.33697863035421993
5.1611328125 0.3444520513717729
5.166015625 0.351638190180384
5.1708984375 0.35852942435249374
5.17578125 0.36511834345433813
5.1806640625 0.37139775606326186
5.185546875 0.3773606966625206
5.1904296875 0.38300043240786047
5.1953125 0.38831046976019795
5.2001953125 0.39328456097875897
5.205078125 0.39791671046907856
5.2099609375 0.4022011809803069
5.21484375 0.4061324996463162
5.2197265625 0.409705463865157
5.224609375 0.41291514701146775
5.2294921875 0.41575690397650383
5.234375 0.4182263765305164
5.2392578125 0.42031949850228084
5.244140625 0.422032500770647
5.2490234375 0.42336191606306217
5.25390625 0.4243045835560965
5.2587890625 0.4248576532730894
5.263671875 0.42501859027412153
5.2685546875 0.42478517863361415
5.2734375 0.4241555252009526
5.2783203125 0.4231280631396353
5.283203125 0.4217015552405539
5.2880859375 0.4198750970051233
5.29296875 0.41764811949409175
5.2978515625 0.4150203919379832
5.302734375 0.4119920241052454
5.3076171875 0.4085634684243052
5.3125 0.4047355218558634
5.3173828125 0.4005093275118979
5.322265625 0.3958863760179824
5.3271484375 0.3908685066156735
5.33203125 0.3854579080018647
5.3369140625 0.379657118902159
5.341796875 0.3734690283754681
5.3466796875 0.3668968758472051
5.3515625 0.35994425086860143
5.3564453125 0.35261509259984736
5.361328125 0.34491368901492603
5.3662109375 0.336844675826187
5.37109375 0.32841303512688363
5.3759765625 0.31962409375008205
5.380859375 0.3104835213425352
5.3857421875 0.30099732815230595
5.390625 0.291171862529116
5.3955078125 0.28101380813659443
5.400390625 0.27053018087579994
5.4052734375 0.2597283255195935
5.41015625 0.2486159120576454
5.4150390625 0.23720093175206933
5.419921875 0.2254916929038893
5.4248046875 0.21349681633076018
5.4296875 0.20122523055658037
5.4345703125 0.18868616671385635
5.439453125 0.17588915315990175
5.4443359375 0.16284400980817915
5.44921875 0.14956084217632065
5.4541015625 0.13605003515259376
5.458984375 0.1223222464828101
5.4638671875 0.10838839997990982
5.46875 0.09425967845868877
5.4736328125 0.07994751639837397
5.478515625 0.06546359233599065
5.4833984375 0.050819820993704815
5.48828125 0.03602834514356584
5.4931640625 0.02110152721331617
5.498046875 0.006051940637177509
5.5029296875 -0.009107639044233052
5.5078125 -0.02436424333046007
5.5126953125 -0.03970472014959857
5.517578125 -0.055115743483629076
5.5224609375 -0.07058382322556914
5.52734375 -0.08609531526306761
5.5322265625 -0.10163643178282486
5.537109375 -0.11719325178997893
5.5419921875 -0.13275173183635644
5.546875 -0.14829771695124586
5.5517578125 -0.1638169517681117
5.556640625 -0.17929509184043022
5.5615234375 -0.19471771513959127
5.56640625 -0.21007033372757664
5.5712890625 -0.22533840559689355
5.576171875 -0.2405073466700124
5.5810546875 -0.25556254295033065
5.5859375 -0.27048936281646196
5.5908203125 -0.285273169451427
5.595703125 -0.299899333398107
5.6005859375 -0.3143532452321052
5.60546875 -0.3286203283429537
5.6103515625 -0.34268605181439415
5.615234375 -0.3565359433942631
5.6201171875 -0.3701556025443114
5.625 -0.38353071356009893
5.6298828125 -0.3966470587509159
5.634765625 -0.40949053166950133
5.6396484375 -0.42204715038115376
5.64453125 -0.43430307076165686
5.6494140625 -0.4462445998132808
5.654296875 -0.4578582089879598
5.6591796875 -0.4691305475065971
5.6640625 -0.480048455663302
5.6689453125 -0.49059897810322745
5.673828125 -0.5007693770625462
5.6787109375 -0.5105471455589804
5.68359375 -0.5199200205211852
5.6884765625 -0.5288759958451806
5.693359375 -0.537403335365925
5.6982421875 -0.5454905857320385
5.703125 -0.5531265891715977
5.7080078125 -0.5603004961368554
5.712890625 -0.5670017778156731
5.7177734375 -0.5732202384974038
5.72265625 -0.578946027780915
5.7275390625 -0.5841696526124112
5.732421875 -0.5888819891406897
5.7373046875 -0.5930742943774504
5.7421875 -0.5967382176502773
5.7470703125 -0.5998658118359177
5.751953125 -0.6024495443615028
5.7568359375 -0.6044823079613841
5.76171875 -0.6059574311773005
5.7666015625 -0.6068686885896427
5.771484375 -0.607210310767648
5.7763671875 -0.6069769939264309
5.78125 -0.6061639092788456
5.7861328125 -0.6047667120702738
5.791015625 -0.602781550284546
5.7958984375 -0.6002050730093248
5.80078125 -0.5970344384494182
5.8056640625 -0.5932673215766395
5.810546875 -0.5889019214049911
5.8154296875 -0.5839369678801228
5.8203125 -0.5783717283722065
5.8251953125 -0.5722060137615632
5.830078125 -0.5654401841065956
5.8349609375 -0.5580751538838024
5.83984375 -0.5501123967898903
5.8447265625 -0.5415539500962504
5.849609375 -0.532402418546329
5.8544921875 -0.522660977786703
5.859375 -0.5123333773229564
5.8642578125 -0.5014239429917605
5.869140625 -0.4899375789408737
5.8740234375 -0.47787976910910646
5.87890625 -0.46525657819863814
5.8837890625 -0.4520746521324254
5.888671875 -0.4383412179898078
5.8935546875 -0.4240640834137951
5.8984375 -0.40925163548391125
5.9033203125 -0.39391283904887164
5.908203125 -0.37805723451378564
5.9130859375 -0.3616949350770018
5.91796875 -0.3448366234121507
5.9228515625 -0.3274935477913889
5.927734375 -0.3096775176463072
5.9326171875 -0.2914008985634375
5.9375 -0.27267660671177196
5.9423828125 -0.2535181027002011
5.947265625 -0.2339393848632762
5.9521484375 -0.2139549819742149
5.95703125 -0.19357994538458553
5.9619140625 -0.1728298405906372
5.966796875 -0.15172073822677792
5.9716796875 -0.13026920448725007
5.9765625 -0.10849229097760432
5.9814453125 -0.08640752399813505
5.986328125 -0.06403289326200666
5.9912109375 -0.041386840051375065
5.99609375 -0.018488244815387953
6.0009765625 0.004643585785466479
6.005859375 0.027988932383602356
6.0107421875 0.05152767695151525
6.015625 0.0752393173856431
6.0205078125 0.09910298262005188
6.025390625 0.12309744826248317
6.0302734375 0.14720115274469295
6.03515625 0.17139221397840082
6.0400390625 0.19564844650755853
6.044921875 0.2199473791470339
6.0498046875 0.24426627309719623
6.0546875 0.26858214052327634
6.0595703125 0.29287176358776695
6.064453125 0.3171117139235193
6.0693359375 0.34127837253458815
6.07421875 0.36534795011127497
6.0791015625 0.389296507745221
6.083984375 0.41309997802980924
6.0888671875 0.43673418653054563
6.09375 0.4601748736095088
6.0986328125 0.4833977165873821
6.103515625 0.5063783522260139
6.1083984375 0.5290923995138934
6.11328125 0.5515154827363788
6.1181640625 0.5736232548119731
6.123046875 0.5953914208754126
6.1279296875 0.6167957620878174
6.1328125 0.6378121596536389
6.1376953125 0.6584166190236534
6.142578125 0.6785852942627634
6.1474609375 0.6982945125609037
6.15234375 0.717520798864899
6.1572265625 0.7362409006086795
6.162109375 0.7544318125188458
6.1669921875 0.7720708014721667
6.171875 0.7891354313812133
6.1767578125 0.805603588083964
6.181640625 0.8214535042128667
6.1865234375 0.8366637840185212
6.19140625 0.8512134281228361
6.1962890625 0.8650818581762293
6.201171875 0.8782489413931799
6.2060546875 0.8906950149401984
6.2109375 0.9024009101500665
6.2158203125 0.9133479765360026
6.220703125 0.923518105579246
6.2255859375 0.9328937542634039
6.23046875 0.9414579683287956
6.2353515625 0.9491944052199305
6.240234375 0.9560873566992003
6.2451171875 0.9621217710998247
6.25 0.9672832751910841
6.2548828125 0.9715581956288957
6.259765625 0.9749335799648329
6.2646484375 0.9773972171867752
6.26953125 0.9789376577644773
6.2744140625 0.97954423317349
6.279296875 0.9792070748710332
6.2841796875 0.9779171326976211
6.2890625 0.9756661926784747
6.2939453125 0.9724468941990142
6.298828125 0.9682527465290267
6.3037109375 0.9630781446704216
6.30859375 0.956918384503854
6.3134765625 0.9497696772098811
6.318359375 0.9416291629407425
6.3232421875 0.9324949237193103
6.328125 0.9223659955422429
6.3330078125 0.9112423796648951
6.337890625 0.899125053046093
6.3427734375 0.8860159779314627
6.34765625 0.8719181105546209
6.3525390625 0.8568354089361849
6.357421875 0.8407728397612371
6.3623046875 0.8237363843165924
6.3671875 0.8057330434699611
6.3720703125 0.7867708416738697
6.376953125 0.7668588299780091
6.3818359375 0.7460070880345135
6.38671875 0.7242267250815343
6.3916015625 0.7015298798913683
6.396484375 0.6779297196703192
6.4013671875 0.65344043789842
6.40625 0.6280772510981195
6.4111328125 0.6018563945220397
6.416015625 0.5747951167509366
6.4208984375 0.5469116731940535
6.42578125 0.5182253184851279
6.4306640625 0.48875629776841956
6.435546875 0.4585258368702456
6.4404296875 0.42755613135265436
6.4453125 0.3958703344470347
6.4501953125 0.3634925438666413
6.455078125 0.330447787498219
6.4599609375 0.2967620079741276
6.46484375 0.2624620461276071
6.4697265625 0.2275756233350704
6.474609375 0.19213132275057718
6.4794921875 0.1561585694389177
6.484375 0.11968760941502327
6.4892578125 0.08274948759871718
6.494140625 0.04537602469512531
6.4990234375 0.007599793012377745
6.50390625 -0.03054590877044927
6.5087890625 -0.06902708187088019
6.513671875 -0.10780905469048083
6.5185546875 -0.14685651110527279
6.5234375 -0.18613351974087716
6.5283203125 -0.225603564212821
6.533203125 -0.2652295743111215
6.5380859375 -0.30497395810695027
6.54296875 -0.34479863495787444
6.5478515625 -0.3846650693868736
6.552734375 -0.42453430580904694
6.5576171875 -0.4643670040786483
6.5625 -0.5041234758278289
6.5673828125 -0.5437637215672213
6.572265625 -0.5832474685172712
6.5771484375 -0.622534209138015
6.58203125 -0.6615832403238154
6.5869140625 -0.7003537032283993
6.591796875 -0.7388046236844041
6.5966796875 -0.7768949531805248
6.6015625 -0.8145836103582629
6.6064453125 -0.8518295229892272
6.611328125 -0.888591670392906
6.6162109375 -0.9248291262538378
6.62109375 -0.9605011017961518
6.6259765625 -0.9955669892725229
6.630859375 -1.029986405723707
6.6357421875 -1.063719236963971
6.640625 -1.0967256817469362
6.6455078125 -1.1289662960655849
6.650390625 -1.1604020375394688
6.6552734375 -1.1909943098414875
6.66015625 -1.2207050071159755
6.6650390625 -1.2494965583392685
6.669921875 -1.2773319715733913
6.6748046875 -1.3041748780630356
6.6796875 -1.3299895761255787
6.6845703125 -1.3547410747835225
6.689453125 -1.3783951370884264
6.6943359375 -1.4009183230851467
6.69921875 -1.4222780323650024
6.7041015625 -1.4424425461563453
6.708984375 -1.4613810689009323
6.7138671875 -1.4790637692644815
6.71875 -1.4954618205298307
6.7236328125 -1.5105474403212251
6.728515625 -1.5242939296084261
6.7333984375 -1.536675710939561
6.73828125 -1.5476683658519308
6.7431640625 -1.5572486714103495
6.748046875 -1.565394635823011
6.7529296875 -1.57208553308537
6.7578125 -1.5773019366030743
6.7626953125 -1.5810257517456092
6.767578125 -1.583240247282996
6.7724609375 -1.583930085658639
6.77734375 -1.583081352052231
6.7822265625 -1.5806815821875144
6.787109375 -1.5767197888406315
6.7919921875 -1.5711864870058205
6.796875 -1.5640737176762856
6.8017578125 -1.5553750701992075
6.806640625 -1.54508570316507
6.8115234375 -1.5332023637927388
6.81640625 -1.5197234057730635
6.8212890625 -1.5046488055351546
6.826171875 -1.487980176900944
6.8310546875 -1.46972078409514
6.8359375 -1.4498755530792564
6.8408203125 -1.4284510811800133
6.845703125 -1.4054556449840903
6.8505859375 -1.3808992064729362
6.85546875 -1.3547934173731264
6.8603515625 -1.3271516216995904
6.865234375 -1.2979888564709139
6.8701171875 -1.267321850577849
6.875 -1.2351690217881373
6.8798828125 -1.2015504718727694
6.884765625 -1.166487979840862
6.8896484375 -1.130004993272429
6.89453125 -1.0921266177404543
6.8994140625 -1.0528796043158468
6.904296875 -1.0122923351510502
6.9091796875 -0.9703948071403142
6.9140625 -0.9272186136568873
6.9189453125 -0.8827969243696709
6.923828125 -0.8371644631441781
6.9287109375 -0.7903574840349579
6.93359375 -0.7424137453789877
6.9384765625 -0.6933724820018825
6.943359375 -0.6432743755511322
6.9482421875 -0.5921615229729483
6.953125 -0.540077403151672
6.9580078125 -0.4870668417330721
6.962890625 -0.433175974155235
6.9677734375 -0.37845220691311543
6.97265625 -0.32294417708518053
6.9775390625 -0.266701710152929
6.982421875 -0.20977577614640322
6.9873046875 -0.15221844415113162
6.9921875 -0.09408283521423755
6.9970703125 -0.035423073689726185
7.001953125 0.02370576293479134
7.0068359375 0.08324769568545823
7.01171875 0.14314589717695403
7.0166015625 0.20334274606588676
7.021484375 0.26377988283187465
7.0263671875 0.3243982668333313
7.03125 0.38513823458294777
7.0361328125 0.44593955918589445
7.041015625 0.5067415108818466
7.0458984375 0.5674829186300747
7.05078125 0.628102232675035
7.0556640625 0.6885375880281526
7.060546875 0.7487268687998101
7.0654296875 0.8086077733139405
7.0703125 0.8681178799360832
7.0751953125 0.9271947135442901
7.080078125 0.9857758125708735
7.0849609375 1.0437987965416746
7.08984375 1.1012014340382874
7.0947265625 1.1579217110075275
7.099609375 1.2138978993413612
7.1044921875 1.2690686256495292
7.109375 1.3233729401462122
7.1142578125 1.3767503855712784
7.119140625 1.4291410660659511
7.1240234375 1.480485715922124
7.12890625 1.5307257681240307
7.1337890625 1.5798034226005688
7.138671875 1.6276617141062542
7.1435546875 1.674244579648573
7.1484375 1.7194969253793841
7.1533203125 1.7633646928680184
7.158203125 1.8057949246738183
7.1630859375 1.8467358291360607
7.16796875 1.88613684429952
7.1728515625 1.9239487008943388
7.177734375 1.9601234842893978
7.1826171875 1.9946146953390096
7.1875 2.027377310043492
7.1923828125 2.0583678379450303
7.197265625 2.087544379181177
7.2021484375 2.114866680119417
7.20703125 2.1402961874973676
7.2119140625 2.163796100994477
7.216796875 2.1853314241624413
7.2216796875 2.2048690136430587
7.2265625 2.2223776266038073
7.2314453125 2.2378279663231306
7.236328125 2.2511927258591875
7.2412109375 2.262446629737722
7.24609375 2.271566473596674
7.2509765625 2.278531161727237
7.255859375 2.283321742453239
7.2607421875 2.2859214412929703
7.265625 2.286315691849949
7.2705078125 2.284492164381527
7.275390625 2.2804407919967775
7.2802734375 2.274153794437691
7.28515625 2.26562569940038
7.2900390625 2.254853361355759
7.294921875 2.241835977831972
7.2998046875 2.2265751031237366
7.3046875 2.209074659396735
7.3095703125 2.1893409451581913
7.314453125 2.1673826410678507
7.3193359375 2.1432108130667125
7.32421875 2.1168389128040372
7.3291015625 2.0882827753463844
7.333984375 2.057560614155696
7.3388671875 2.0246930133267527
7.34375 1.9897029170776694
7.3486328125 1.952615616490464
7.353515625 1.913458733502128
7.3583984375 1.8722622021500472
7.36328125 1.8290582470790475
7.3681640625 1.7838813593207892
7.373046875 1.736768269359681
7.3779296875 1.687757917502942
7.3828125 1.6368914215758859
7.3876953125 1.5842120419669556
7.392578125 1.5297651440504592
7.3974609375 1.4735981580183821
7.40234375 1.4157605361560461
7.4072265625 1.356303707599752
7.412109375 1.2952810306178855
7.4169921875 1.2327477424602722
7.421875 1.1687609068238263
7.4267578125 1.103379358985765
7.431640625 1.0366636486588245
7.4365234375 0.9686759806260362
7.44140625 0.8994801532156749
7.4462890625 0.8291414946799917
7.451171875 0.7577267975442674
7.4560546875 0.6853042509955833
7.4609375 0.6119433713834823
7.4658203125 0.5377149309073973
7.470703125 0.46269088456833835
7.4755859375 0.3869442954648564
7.48046875 0.31054925851573867
7.4853515625 0.23358082269422892
7.490234375 0.15611491186080595
7.4951171875 0.07822824428368891
7.5 -1.749061731393109e-06
7.5048828125 -0.07849700732141747
7.509765625 -0.15717892362424218
7.5146484375 -0.23596842987996378
7.51953125 -0.31478608241543365
7.5244140625 -0.3935521483494032
7.529296875 -0.47218669260497037
7.5341796875 -0.5506096654575094
7.5390625 -0.6287409905148581
7.5439453125 -0.7065006530255966
7.548828125 -0.7838087884104508
7.5537109375 -0.860585770911177
7.55859375 -0.9367523022507551
7.5634765625 -1.0122295001983133
7.568359375 -1.0869389869319557
7.5732421875 -1.160802977092537
7.578125 -1.233744365421453
7.5830078125 -1.305686813875673
7.587890625 -1.376554838113544
7.5927734375 -1.446273893245337
7.59765625 -1.514770458743088
7.6025390625 -1.5819721224050123
7.607421875 -1.6478076632706318
7.6123046875 -1.7122071333837594
7.6171875 -1.7751019383016255
7.6220703125 -1.836424916249709
7.626953125 -1.8961104158232536
7.6318359375 -1.9540943721379944
7.63671875 -2.010314381334308
7.6416015625 -2.064709773340805
7.646484375 -2.1172216828053356
7.6513671875 -2.1677931181034364
7.65625 -2.216369028336447
7.6611328125 -2.2628963682338363
7.666015625 -2.3073241608767145
7.6708984375 -2.349603558162045
7.67578125 -2.3896878989297443
7.6806640625 -2.4275327646776166
7.685546875 -2.4630960327919524
7.6904296875 -2.49633792722459
7.6953125 -2.5272210665503203
7.7001953125 -2.555710509341677
7.705078125 -2.5817737968014205
7.7099609375 -2.6053809925963543
7.71484375 -2.626504719839556
7.7197265625 -2.6451201951715873
7.724609375 -2.6612052598948286
7.7294921875 -2.6747404081187303
7.734375 -2.6857088118774555
7.7392578125 -2.6940963431851723
7.744140625 -2.699891592998042
7.7490234375 -2.7030858870558214
7.75390625 -2.7036732985798952
7.7587890625 -2.7016506578084796
7.763671875 -2.697017558353722
7.7685546875 -2.6897763603693976
7.7734375 -2.6799321905219227
7.7783203125 -2.6674929387614346
7.783203125 -2.6524692518937147
7.7880859375 -2.634874523957779
7.79296875 -2.614724883417987
7.7978515625 -2.5920391771835614
7.802734375 -2.566838951472412
7.8076171875 -2.5391484295401696
7.8125 -2.5089944862992906
7.8173828125 -2.4764066198570536
7.822265625 -2.44141692000516
7.8271484375 -2.4040600336975255
7.83203125 -2.364373127556672
7.8369140625 -2.322395847452885
7.841796875 -2.2781702752040296
7.8466796875 -2.2317408824475566
7.8515625 -2.183154481739818
7.8564453125 -2.132460174941318
7.861328125 -2.0797092989499713
7.8662109375 -2.0249553688477766
7.87109375 -1.968254018529594
7.8759765625 -1.9096629388858852
7.880859375 -1.8492418136143571
7.8857421875 -1.787052252738431
7.890625 -1.7231577239133404
7.8955078125 -1.6576234816034296
7.900390625 -1.5905164942168837
7.9052734375 -1.5219053692866713
7.91015625 -1.451860276788904
7.9150390625 -1.3804528706921224
7.919921875 -1.3077562088332033
7.9248046875 -1.2338446712176305
7.9296875 -1.1587938768438015
7.9345703125 -1.0826805991528279
7.939453125 -1.0055826802069419
7.9443359375 -0.9275789437011458
7.94921875 -0.848749106914111
7.9541015625 -0.7691736917055769
7.958984375 -0.688933934668593
7.9638671875 -0.6081116965458957
7.96875 -0.5267893710205218
7.9736328125 -0.445049792991415
7.978515625 -0.36297614644529863
7.9833984375 -0.28065187203645087
7.98828125 -0.1981605744862367
7.9931640625 -0.1155859299143227
7.998046875 -0.03301159321342155
8.0029296875 0.049478894420810535
8.0078125 0.13180219769347112
8.0126953125 0.2138752790369686
8.017578125 0.2956154899503659
8.0224609375 0.37694066174224283
8.02734375 0.45776919556875695
8.0322265625 0.5380201516596714
8.037109375 0.6176133376263464
8.0419921875 0.696469395747052
8.046875 0.7745098891264646
8.0517578125 0.8516573866278337
8.056640625 0.9278355464780746
8.0615234375 1.0029691984479228
8.06640625 1.0769844245113052
8.0712890625 1.149808637890212
8.076171875 1.2213706603936074
8.0810546875 1.291600797961281
8.0859375 1.3604309143260183
8.0908203125 1.4277945027100563
8.095703125 1.4936267554744695
8.1005859375 1.5578646316429274
8.10546875 1.6204469222241376
8.1103515625 1.6813143132602666
8.115234375 1.7404094465316875
8.1201171875 1.7976769778515445
8.125 1.8530636328868428
8.1298828125 1.906518260446066
8.134765625 1.9579918831766796
8.1396484375 2.007437745619305
8.14453125 2.0548113595688267
8.1494140625 2.1000705466962346
8.154296875 2.1431754783885797
8.1591796875 2.184088712768053
8.1640625 2.2227752288548626
8.1689453125 2.259202457842273
8.173828125 2.2933403114559097
8.1787109375 2.3251612073731613
8.18359375 2.3546400916823003
8.1884765625 2.3817544583646937
8.193359375 2.4064843657872834
8.1982421875 2.4288124501962853
8.203125 2.4487239362068487
8.2080078125 2.466206644287183
8.212890625 2.4812509952394297
8.2177734375 2.4938500116832873
8.22265625 2.5039993165521213
8.2275390625 2.5116971286149807
8.232421875 2.5169442550415955
8.2373046875 2.5197440810310443
8.2421875 2.520102556528361
8.2470703125 2.518028180056867
8.251953125 2.5135319796974986
8.2568359375 2.506627491249804
8.26171875 2.4973307336126473
8.2666015625 2.4856601814259482
8.271484375 2.4716367350179946
8.2763671875 2.455283687706025
8.28125 2.4366266905008365
8.2861328125 2.415693714269165
8.291015625 2.392515009410488
8.2958984375 2.36712306310771
8.30078125 2.3395525542139155
8.3056640625 2.309840305840001
8.310546875 2.2780252357105284
8.3154296875 2.2441483043575627
8.3203125 2.208252461224595
8.3251953125 2.1703825887548547
8.330078125 2.1305854445404404
8.3349609375 2.0889096016106814
8.33984375 2.045405386940048
8.3447265625 2.0001248182576807
8.349609375 1.9531215392422774
8.3544921875 1.9044507531876138
8.359375 1.854169155225383
8.3642578125 1.8023348631933471
8.369140625 1.749007347237967
8.3740234375 1.6942473582417295
8.37890625 1.6381168551663265
8.3837890625 1.5806789314036476
8.388671875 1.5219977402272293
8.3935546875 1.4621384194373745
8.3984375 1.4011670152935822
8.4033203125 1.3391504058282522
8.408203125 1.276156223635813
8.4130859375 1.2122527782314987
8.41796875 1.1475089780739387
8.4228515625 1.0819942523455617
8.427734375 1.0157784725845134
8.4326171875 0.948931874261384
8.4375 0.8815249783935102
8.4423828125 0.8136285132889725
8.447265625 0.7453133365116561
8.4521484375 0.6766503571578709
8.45703125 0.6077104585340503
8.4619140625 0.538564421323961
8.466796875 0.469282847332667
8.4716796875 0.39993608389319246
8.4765625 0.3305941490204371
8.4814453125 0.26132665739540273
8.486328125 0.192202747261202
8.4912109375 0.12329100831063995
8.49609375 0.05465941064338957
8.5009765625 -0.013624765131073288
8.505859375 -0.08149499657054961
8.5107421875 -0.14888558678500402
8.515625 -0.2157317304591466
8.5205078125 -0.2819695784447658
8.525390625 -0.34753630085710685
8.5302734375 -0.41237014861189464
8.53515625 -0.4764105133419646
8.5400390625 -0.5395979856348935
8.544921875 -0.6018744115354995
8.5498046875 -0.6631829472596151
8.5546875 -0.7234681120681137
8.5595703125 -0.782675839252795
8.564453125 -0.8407535251883975
8.5693359375 -0.8976500764077027
8.57421875 -0.9533159546594311
8.5791015625 -1.0077032199113842
8.583984375 -1.0607655712640747
8.5888671875 -1.1124583857428867
8.59375 -1.1627387549396349
8.5986328125 -1.2115655194772146
8.603515625 -1.2588993012738892
8.6083984375 -1.3047025335865967
8.61328125 -1.348939488815516
8.6181640625 -1.3915763040549691
8.623046875 -1.432581004378585
8.6279296875 -1.471923523849473
8.6328125 -1.5095757242489753
8.6376953125 -1.5455114115203608
8.642578125 -1.57970634992661
8.6474609375 -1.612138273924187
8.65234375 -1.6427868977574258
8.6572265625 -1.6716339227808548
8.662109375 -1.6986630425194436
8.6669921875 -1.7238599454793848
8.671875 -1.7472123157246071
8.6767578125 -1.7687098312367562
8.681640625 -1.7883441600788827
8.6865234375 -1.8061089543855162
8.69140625 -1.8219998422042059
8.6962890625 -1.8360144172159494
8.701171875 -1.8481522263642152
8.7060546875 -1.8584147554244932
8.7109375 -1.86680541254847
8.7158203125 -1.8733295098190326
8.720703125 -1.8779942428543346
8.7255859375 -1.8808086685011343
8.73046875 -1.8817836806595096
8.7353515625 -1.8809319842828858
8.740234375 -1.8782680675990677
8.7451171875 -1.8738081725996525
8.75 -1.8675702638468017
8.7548828125 -1.8595739956478863
8.759765625 -1.849840677649968
8.7646484375 -1.8383932389074553
8.76953125 -1.8252561904775628
8.7744140625 -1.8104555865994236
8.779296875 -1.794018984513826
8.7841796875 -1.7759754029816046
8.7890625 -1.7563552795596815
8.7939453125 -1.735190426694633
8.798828125 -1.712513986694471
8.8037109375 -1.688360385640039
8.80859375 -1.6627652862980635
8.8134765625 -1.6357655400984537
8.818359375 -1.607399138238919
8.8232421875 -1.5777051619803597
8.828125 -1.546723732196793
8.8330078125 -1.5144959582438087
8.837890625 -1.4810638862096923
8.8427734375 -1.4464704466134202
8.84765625 -1.4107594016137193
8.8525390625 -1.3739752917932975
8.857421875 -1.3361633825821786
8.8623046875 -1.2973696103838381
8.8671875 -1.2576405284675154
8.8720703125 -1.2170232526896922
8.876953125 -1.1755654071072599
8.8818359375 -1.1333150695443688
8.88671875 -1.0903207171743525
8.8916015625 -1.0466311721774466
8.896484375 -1.002295547534293
8.9013671875 -0.9573631930144165
8.90625 -0.911883641418007
8.9111328125 -0.8659065551284124
8.916015625 -0.8194816730317742
8.9208984375 -0.7726587578591999
8.92578125 -0.7254875440057761
8.9306640625 -0.6780176858795849
8.935546875 -0.6302987068326931
8.9404296875 -0.5823799487248436
8.9453125 -0.5343105221692911
8.9501953125 -0.4861392575088937
8.955078125 -0.4379146565692002
8.9599609375 -0.3896848452338618
8.96484375 -0.34149752688624696
8.9697265625 -0.29339993675965625
8.974609375 -0.24543879723701736
8.9794921875 -0.19766027413939424
8.984375 -0.15010993404107048
8.9892578125 -0.10283270264736721
8.994140625 -0.05587282426973296
8.9990234375 -0.009273822430998696
9.00390625 0.036921538367971324
9.0087890625 0.08267128969068113
9.013671875 0.1279342949885988
9.0185546875 0.17267028417979263
9.0234375 0.21683988695816925
9.0283203125 0.2604046648105962
9.033203125 0.3033271417209195
9.0380859375 0.3455708335416159
9.04296875 0.38710027601555064
9.0478515625 0.4278810514320417
9.052734375 0.4678798139031558
9.0576171875 0.5070643132478836
9.0625 0.5454034174735544
9.0673828125 0.5828671338455527
9.072265625 0.6194266285380934
9.0771484375 0.6550542448604894
9.08203125 0.689723520055009
9.0869140625 0.7234092006640696
9.091796875 0.7560872564661372
9.0966796875 0.787734892981315
9.1015625 0.8183305625491845
9.1064453125 0.8478539739830249
9.111328125 0.8762861008060773
9.1162109375 0.9036091880770236
9.12109375 0.9298067578133363
9.1259765625 0.9548636130226047
9.130859375 0.9787658403533649
9.1357421875 1.0015008113783501
9.140625 1.0230571825244326
9.1455078125 1.0434248936648503
9.150390625 1.0625951653905963
9.1552734375 1.080560494979098
9.16015625 1.0973146510795244
9.1650390625 1.1128526671352352
9.169921875 1.1271708335650117
9.1748046875 1.1402666887258135
9.1796875 1.1521390086808492
9.1845703125 1.162787795797766
9.189453125 1.1722142662027282
9.1943359375 1.180420836117087
9.19921875 1.187411107104221
9.2041015625 1.1931898502549758
9.208984375 1.1977629893409185
9.2138671875 1.2011375829653852
9.21875 1.2033218057429989
9.2236328125 1.2043249285390076
9.228515625 1.2041572978004078
9.2333984375 1.2028303140113912
9.23828125 1.2003564093061907
9.2431640625 1.1967490242728793
9.248046875 1.1920225839821224
9.2529296875 1.186192473275279
9.2578125 1.1792750113466026
9.2626953125 1.1712874256545982
9.267578125 1.1622478251978632
9.2724609375 1.1521751731909575
9.27734375 1.1410892591760333
9.2822265625 1.1290106706060876
9.287109375 1.1159607639358031
9.2919921875 1.1019616352559913
9.296875 1.0870360905076724
9.3017578125 1.071207615311795
9.306640625 1.0545003444505385
9.3115234375 1.036939031036033
9.31640625 1.0185490154021946
9.3212890625 0.9993561937551907
9.326171875 0.9793869866178347
9.3310546875 0.9586683071029631
9.3359375 0.9372275290505576
9.3408203125 0.9150924550630561
9.345703125 0.8922912844729466
9.3505859375 0.8688525812763491
9.35546875 0.844805242065879
9.3603515625 0.8201784639956365
9.365234375 0.7950017128106939
9.3701171875 0.7693046909729468
9.375 0.7431173059146683
9.3798828125 0.7164696384505449
9.384765625 0.6893919113783956
9.3896484375 0.6619144582981658
9.39453125 0.6340676926781625
9.3994140625 0.6058820771968471
9.404296875 0.5773880933878256
9.4091796875 0.5486162116149953
9.4140625 0.5195968614040863
9.4189453125 0.4903604021561186
9.423828125 0.4609370942675461
9.4287109375 0.4313570706811039
9.43359375 0.4016503088906002
9.4384765625 0.3718466034221093
9.443359375 0.3419755388132233
9.4482421875 0.31206646311121244
9.453125 0.28214846191012277
9.4580078125 0.25225033294601445
9.462890625 0.22240056126870641
9.4677734375 0.19262729500755227
9.47265625 0.16295832174792327
9.4775390625 0.13342104553422168
9.482421875 0.10404246451439177
9.4873046875 0.07484914924003605
9.4921875 0.04586722163538392
9.4970703125 0.017122334647497957
9.501953125 -0.011360347410757785
9.5068359375 -0.03955616781432386
9.51171875 -0.06744099566632017
9.5166015625 -0.09499124341623888
9.521484375 -0.12218388364785668
9.5263671875 -0.1489964651296141
9.53125 -0.17540712812105103
9.5361328125 -0.20139461892972238
9.541015625 -0.22693830371384618
9.5458984375 -0.25201818152675565
9.55078125 -0.2766148966000389
9.5556640625 -0.30070974986305227
9.560546875 -0.3242847096972838
9.5654296875 -0.3473224219248272
9.5703125 -0.36980621903099453
9.5751953125 -0.3917201286218555
9.580078125 -0.4130488811182359
9.5849609375 -0.4337779166884407
9.58984375 -0.45389339142268575
9.5947265625 -0.4733821827529276
9.599609375 -0.4922318941224688
9.6044921875 -0.5104308589103937
9.609375 -0.5279681436165462
9.6142578125 -0.5448335503134055
9.619140625 -0.5610176183718432
9.6240234375 -0.5765116254683526
9.62890625 -0.5913075878819375
9.6337890625 -0.6053982600894194
9.638671875 -0.6187771336684827
9.6435546875 -0.6314384355183144
9.6484375 -0.643377125408219
9.6533203125 -0.654588892865091
9.658203125 -0.6650701534111096
9.6630859375 -0.6748180441634894
9.66796875 -0.6838304188085643
9.6728515625 -0.6921058419629107
9.677734375 -0.6996435829346235
9.6826171875 -0.7064436088982474
9.6875 -0.7125065774972357
9.6923828125 -0.7178338288881573
9.697265625 -0.7224273772412066
9.7021484375 -0.7262899017118792
9.70703125 -0.7294247368989678
9.7119140625 -0.7318358628043095
9.716796875 -0.7335278943099637
9.7216796875 -0.734506070188738
9.7265625 -0.7347762416641919
9.7314453125 -0.7343448605364454
9.736328125 -0.7332189668902988
9.7412109375 -0.7314061764023227
9.74609375 -0.7289146672637264
9.7509765625 -0.7257531667359248
9.755859375 -0.7219309373558364
9.7607421875 -0.7174577628080252
9.765625 -0.712343933480871
9.7705078125 -0.7066002317240002
9.775390625 -0.7002379168242471
9.7802734375 -0.6932687097174279
9.78515625 -0.6857047774532157
9.7900390625 -0.6775587174303813
9.794921875 -0.668843541419641
9.7998046875 -0.6595726593912976
9.8046875 -0.6497598631648036
9.8095703125 -0.6394193098972933
9.814453125 -0.6285655054280411
9.8193359375 -0.6172132874956938
9.82421875 -0.6053778088450062
9.8291015625 -0.5930745202396731
9.833984375 -0.5803191533977033
9.8388671875 -0.5671277038656225
9.84375 -0.5535164138476152
9.8486328125 -0.5395017550055359
9.853515625 -0.5251004112455181
9.8583984375 -0.5103292615067049
9.86328125 -0.4952053625674045
9.8681640625 -0.4797459318837458
9.873046875 -0.46396833047566843
9.8779296875 -0.44789004587483355
9.8828125 -0.43152867514878285
9.8876953125 -0.414901908015406
9.892578125 -0.39802751006150133
9.8974609375 -0.38092330607893066
9.90234375 -0.36360716353157746
9.9072265625 -0.34609697616602014
9.912109375 -0.32841064777852524
9.9169921875 -0.3105660761506546
9.921875 -0.29258113716546263
9.9267578125 -0.2744736691159358
9.931640625 -0.2562614572169986
9.9365234375 -0.2379622183320762
9.94140625 -0.21959358592486572
9.9462890625 -0.20117309524662758
9.951171875 -0.18271816876896094
9.9560546875 -0.16424610187167968
9.9609375 -0.14577404879505274
9.9658203125 -0.12731900886531863
9.970703125 -0.1088978130020277
9.9755859375 -0.09052711051540632
9.98046875 -0.07222335620157884
9.9853515625 -0.054002797743120674
9.990234375 -0.03588146342205537
9.9951171875 -0.017875150152045577
10.0 5.881638341191653e-07
