3.125 1.361328125
6.25 1.8532142639160156
9.375 2.5228326991200447
12.5 3.4344031079817796
15.625 4.675349543483009
18.75 6.364684827749331
21.875 8.664424462775944
25.0 11.795124708114908
28.125 16.05703500303924
31.25 21.858893353746776
34.375 29.75712630383106
37.5 40.509212956582516
40.625 55.14633091941018
43.75 75.0722512711502
46.875 102.19796706248377
50.0 139.1249668799828
53.125 189.3947303034141
56.25 257.8283730888274
59.375 350.98901570881384
62.5 477.8112186504751
65.625 650.4578503894163
68.75 885.4865658621546
71.875 1205.437766417816
75.0 1640.9963343617535
78.125 2233.934462988559
81.25 3041.117813873097
84.375 4139.959211463962
87.5 5635.842910918714
90.625 7672.231462715515
93.75 10444.424471704519
96.875 14218.288782769629
100.0 19355.756409356312
103.125 26349.53558070576
106.25 35870.36386670296
109.375 48831.33518572649
112.5 66475.46996963158
115.625 90494.92689225236
118.75 123193.289148242
121.875 167706.48932875914
125.0 228303.56066825218
128.125 310796.0581753355
131.25 423095.41513322043
134.375 575971.6881794035
137.5 784086.458322352
140.625 1067398.9481458582
143.75 1453080.2087063733
146.875 1978118.955992856
150.0 2692868.969388712
153.125 3665878.264968618
156.25 4990463.184927981
159.375 6793657.890419537
162.5 9248397.557856284
165.625 12590103.706691075
168.75 17139262.27258531
171.875 23332159.7734218
175.0 31762725.31655273
178.125 43239491.30007276
181.25 58863135.617481865
184.375 80132042.0417673
187.5 109086002.54514025
190.625 148501843.30852103
193.75 202159735.91023275
196.875 275205734.23717237
200.0 374645306.17833817
