0.0 74.0 25.0 0.0 1.0
0.01953125 70.9057400181994 19.37833081945826 8.561916253408222 1.1540129089341262
0.0390625 68.7223000608265 14.932913135994255 15.046934493788797 1.2978523093904457
0.05859375 67.20861136817992 11.45817090093209 19.90273167294943 1.4304860579385543
0.078125 66.18966306713654 8.764854331434094 23.493231408620975 1.5522511928083853
0.09765625 65.53741799749817 6.689894802671146 26.10838978936249 1.6642974104681894
0.1171875 65.15751544354207 5.0983390580007715 27.97598441671363 1.7681610817435218
0.13671875 64.97995971808402 3.881411831309479 29.273147422430466 1.8654810281760252
0.15625 64.95254044091669 2.9530031543056934 30.136625384781418 1.9578310199961781
0.17578125 65.03613379557328 2.2457995065231087 30.67143149451414 2.0466352033894584
0.1953125 65.20131153351976 1.7076496125447846 30.957902306340916 2.1331365475945363
0.21484375 65.42586993335794 1.298406692948143 31.057327302127867 2.2183960715660334
0.234375 65.69301379849301 0.9873060598919228 31.01637217078297 2.3033079708320825
0.25390625 65.9900122252049 0.7508488916944267 30.870517423665913 2.3886214594347503
0.2734375 66.30719763602792 0.57112690066414 30.646711390250044 2.4749640730578735
0.29296875 66.63721678166597 0.4345134453001098 30.36540607922408 2.5628636938098186
0.3125 66.97446806442939 0.3306503769359926 30.04211349000933 2.65276806862527
0.33203125 67.31467747833008 0.2516689400633297 29.688592133779572 2.7450614478269992
0.3515625 67.65457818601826 0.19159344513238655 29.31374995056809 2.840078418281253
0.37109375 67.99166789051704 0.14588633650605598 28.92433055932142 2.938115213655477
0.390625 68.32402479270607 0.11110192303274001 28.525434426378812 3.0394388578823697
0.41015625 68.65016778448806 0.0846232251160591 28.120914489635492 3.14429450076037
0.4296875 68.96895011408454 0.06446218811376787 27.713676424063756 3.2529112737379187
0.44921875 69.27947842366022 0.04910809422915866 27.30590653210452 3.365506950006081
0.46875 69.58105104787897 0.03741257897983626 26.899244726162177 3.482291646978989
0.48828125 69.87311095233855 0.028502419469105422 26.494915861819692 3.603470766372622
0.5078125 70.1552098115693 0.02171338068542825 26.093829478170548 3.7292473295746817
0.52734375 70.426980571345 0.016540024594075508 25.69665556971034 3.8598238343505433
0.546875 70.6881164786578 0.01259761896462085 25.303882169522478 3.9954037328550522
0.56640625 70.93835504617724 0.009593218773310517 24.915859125279244 4.13619260977016
0.5859375 71.17746578459314 0.007303702776358988 24.53283139021526 4.282399122415192
0.60546875 71.4052408145593 0.005559085579371523 24.154964348707853 4.434235751153423
0.625 71.62148768149814 0.004229832692374188 23.782363088113136 4.591919397696301
0.64453125 71.82602385747856 0.0032172142814000295 23.415087067808976 4.755671860431008
0.6640625 72.01867253694839 0.002445966643198221 23.053161287199433 4.925720209208925
0.68359375 72.19925942651906 0.0018587070688342155 22.69658478965385 5.102297076758191
0.703125 72.36761030025292 0.0014116815285292758 22.345337138495324 5.285640879723171
0.72265625 72.52354914628955 0.0010715259464248662 21.999383348715362 5.475995979048605
0.7421875 72.66689677219033 0.000812798635157671 21.658677642346447 5.673612786828019
0.76171875 72.7974697681329 0.0006160996939480605 21.323166307496695 5.878747824676409
0.78125 72.9150797513753 0.0004666373512101585 20.992789874223135 6.091663737050298
0.80078125 73.01953283399853 0.00035313476371111774 20.667484769604414 6.312629261633298
0.8203125 73.11062927017429 0.0002669962479474008 20.34718457571578 6.541919157861939
0.83984375 73.18816325011646 0.00020167126667656842 20.031820984786748 6.779814093830067
0.859375 73.25192281624125 0.00015216920111797545 19.72132452341914 7.0266004911384465
0.87890625 73.3016898834793 0.00011468912544643177 19.415625100678376 7.282570326716827
0.8984375 73.33724035060641 8.633731210599472e-05 19.11465242186725 7.548020890214187
0.91796875 73.3583442932343 6.491167647373414e-05 18.818336299878872 7.823254495210311
0.9375 73.36476623199358 4.873730471882129e-05 18.526606888466986 8.10857814223467
0.95703125 73.35626547164766 3.65409691119452e-05 18.239394856006562 8.404303131376633
0.9765625 73.33259650855227 2.73554013576455e-05 17.95663151391894 8.710744622127395
0.99609375 73.29350950513664 2.044628011877105e-05 17.678248910579217 9.028221138003987
1.015625 73.23875083101568 1.5256555992854534e-05 17.40417989896163 9.357054013466657
1.03515625 73.1680636710163 1.1364009173903233e-05 17.13435818432294 9.697566780651547
1.0546875 73.08118870086241 8.448905794380116e-06 16.86871835673084 10.050084493500908
1.07421875 72.97786483155167 6.26935999145751e-06 16.60719591210438 10.414932986983915
1.09375 72.85783002359811 4.642574546218638e-06 16.349727264563107 10.792438069264191
1.11328125 72.72082217233053 3.430565014587198e-06 16.09624975221713 11.182924644887288
1.1328125 72.56658006533962 2.5293022531319835e-06 15.846701638022921 11.58671576733517
1.15234375 72.39484441296953 1.8604602809990243e-06 15.60102210694256 12.004131619627593
1.171875 72.20535895245777 1.3651489296646513e-06 15.359151260348476 12.43548842204479
1.19140625 71.99787162594764 9.991577731731847e-07 15.121030108390304 12.88109726650425
1.2109375 71.7721358321326 7.293501363225354e-07 14.886600560868429 13.341262877648802
1.23046875 71.52791175074566 5.309317438638097e-07 14.655805417027631 13.816282301294933
1.25 71.26496773848129 3.8538406164799306e-07 14.428588354584289 14.306443521550328
1.26953125 70.98308179423536 2.789023747082482e-07 14.204893918224405 14.812024008637824
1.2890625 70.68204309077308 2.0121680315040888e-07 13.984667507751764 15.333289200258314
1.30859375 70.36165356908953 1.4470356824427098e-07 13.767855366021378 15.870490920185485
1.328125 70.02172959081722 1.0371602359920157e-07 13.554404566759846 16.42386573870687
1.34765625 69.66210364306576 7.408189189639123e-08 13.344263002348779 16.993633280503516
1.3671875 69.28262608905787 5.272604383897772e-08 13.137379371628057 17.57999448658798
1.38671875 68.88316695686244 3.738797624302748e-08 12.933703167761088 18.183129837988446
1.40625 68.46361775743082 2.6410619202213888e-08 12.733184666193068 18.803197549965443
1.42578125 68.02389332202796 1.8582784813625047e-08 12.53577491272491 19.440331746664295
1.4453125 67.56393364803235 1.3021887427529434e-08 12.341425711719118 20.094640627226596
1.46484375 67.08370574097253 9.086842672120911e-09 12.150089614449152 20.766204635491427
1.484375 66.58320543959289 6.313537672152236e-09 11.961719907600212 21.455074646493312
1.50390625 66.06245920971712 4.367147264833262e-09 11.776270601926695 22.161270183988982
1.5234375 65.52152589172614 3.0069950646856514e-09 11.593696421069547 22.884777684197264
1.54296875 64.96049838561102 2.0607340850806196e-09 11.413952790535253 23.625548821792947
1.5625 64.37950525682507 1.405433225308159e-09 11.23699582683708 24.383498914932368
1.58203125 63.778712245566325 9.537672015308154e-10 11.062782326798366 25.158505426681494
1.6015625 63.15832366169697 6.439670823865398e-10 10.891269757017053 25.95040658064196
1.62109375 62.518583647273886 4.325334714666544e-10 10.72241624349023 26.759000108803296
1.640625 61.85977728864617 2.889726545001194e-10 10.556180561397106 27.584042149667695
1.66015625 61.182231560292436 1.9200901752437273e-10 10.392522125038647 28.42524631447685
1.6796875 60.486316083040926 1.268709012675198e-10 10.231400977931937 29.282282938900206
1.69921875 59.772443680053094 8.33540164236954e-11 10.072777783057205 30.15477853680629
1.71875 59.04107071496745 5.4445848185213065e-11 9.916613813255438 31.042315471722613
1.73828125 58.292697197900665 3.5353101719259366e-11 9.762870941774398 31.94443186028953
1.7578125 57.527866646587476 2.2817437686536856e-11 9.611511632960902 32.860621720428746
1.77734375 56.74716569180458 1.463646876680597e-11 9.462498933097175 33.79033537508355
1.796875 55.951223418354665 9.33019808466e-12 9.315796461379117 34.73298012025683
1.81640625 55.14071043526637 5.909996521490109e-12 9.171368401034334 35.68792116369333
1.8359375 54.316337671469775 3.719494024553927e-12 9.02917949057779 36.65448283794866
1.85546875 53.478854896003085 2.3256328532044348e-12 8.889195015202983 37.631950088791555
1.875 52.629048964757175 1.4445130563348226e-12 8.75138079830655 38.61957023693478
1.89453125 51.76774179882706 8.912290190785575e-13 8.615703193144247 39.61655500802775
1.9140625 50.895788102664916 5.461493487678801e-13 8.48212907461627 40.62208282271822
1.93359375 50.014072833366086 3.323967892969879e-13 8.350625831179931 41.635301335453605
1.953125 49.123508435511965 2.0090788270922805e-13 8.221161356887709 42.65533020760008
1.97265625 48.22503185898593 1.205884865230884e-13 8.093704043548724 43.68126409746518
1.9921875 47.31960138001316 7.187203651298465e-14 7.968222773011743 44.71217584697498
2.01171875 46.408193248297316 4.253421927712798e-14 7.844686909567824 45.74711984213477
2.03125 45.491798185483965 2.4993280325398493e-14 7.723066292470738 46.78513552204523
2.05078125 44.57141776222398 1.4581391110808803e-14 7.603331228573358 47.82525100920261
2.0703125 43.64806068279736 8.446037023311637e-15 7.485452485078209 48.866486832124394
2.08984375 42.722739007553415 4.857083519972448e-15 7.369401282400401 49.90785971004615
2.109375 41.79646434429938 2.773063573113943e-15 7.255149287141223 50.94838636855936
2.12890625 40.870244040207 1.5718159866792913e-15 7.142668605170667 51.9870873546223
2.1484375 39.94507740579688 8.8450444591613835e-16 7.031931774817194 53.02299081938589
2.16796875 39.021952002102516 4.941473395700598e-16 6.922911760163087 54.05513623773436
2.1875 38.10184002122079 2.7407886433611765e-16 6.8155819444437515 55.08257803433543
2.20703125 37.18569478914197 1.5092619005480161e-16 6.709916123549345 56.104389087308654
2.2265625 36.27444741804843 8.251516333714213e-17 6.605888499627155 57.11966408232438
2.24609375 35.36900363321282 4.4791525881072803e-17 6.503473674783171 58.12752269200397
2.265625 34.47024079725684 2.4141620438393258e-17 6.402646644881293 59.12711255786182
2.28515625 33.57900515189919 1.2920031984202497e-17 6.303382793438683 60.11761205466208
2.3046875 32.696109294478134 6.8660674277239765e-18 6.2056578856157545 61.098232819906066
2.32421875 31.822329903536875 3.623456122579519e-18 6.109448062299346 62.06822203416373
2.34375 30.95840572466401 1.899039359816434e-18 6.014729834277616 63.02686444105833
2.36328125 30.105035824644524 9.884820497590372e-19 5.92148007650526 63.97348409885017
2.3828125 29.262878118853024 5.110430825181665e-19 5.829676022457624 64.90744585868931
2.40234375 28.432548173762907 2.624413652289298e-19 5.739295258572362 65.82815656766469
2.421875 27.61461828350052 1.3388355732137848e-19 5.650315718777257 66.73506599772219
2.44140625 26.809616816585436 6.785445918905237e-20 5.56271567910289 67.62766750431165
2.4609375 26.018027826404015 3.416831187504548e-20 5.476473752378823 68.50549842121714
2.48046875 25.240290916594624 1.709629749335862e-20 5.391568883012013 69.36814020039334
2.5 24.47680135040398 8.50070599953848e-21 5.307980341846186 70.21521830774981
2.51953125 23.727910391223073 4.200729327644346e-21 5.225687721100896 71.046401887676
2.5390625 22.9939258599394 2.0632642699431828e-21 5.14467092938906 71.86140321067151
2.55859375 22.275112893455216 1.007373057156372e-21 5.064910186811728 72.65997691973303
2.578125 21.57169488771831 4.889641692792474e-22 4.98638602012891 73.44191909215276
2.59765625 20.88385460788645 2.359727340701937e-22 4.909079258005265 74.20706613410826
2.6171875 20.21173544778868 1.1323804726367645e-22 4.832971026329508 74.95529352588179
2.63671875 19.555442820640557 5.404021351729223e-23 4.758042743606371 75.68651443575304
2.65625 18.915045662999205 2.564985121275971e-23 4.684276116420015 76.40067822058074
2.67578125 18.290578034185728 1.2110029665563813e-23 4.611653134967771 77.09776883084646
2.6953125 17.682040793835668 5.687847648665303e-24 4.5401560686631255 77.77780313750117
2.71484375 17.089403340838146 2.65792788957942e-24 4.469767461806875 78.44082919735494
2.734375 16.512605397667325 1.2358939185682614e-24 4.400470129325388 79.08692447300724
2.75390625 15.951558824971261 5.71889738818405e-25 4.332247152574951 79.71619402245375
2.7734375 15.406149452239294 2.6338246071781565e-25 4.265081875211148 80.32876867254951
2.79296875 14.876238911397229 1.2074108121750587e-25 4.198957899122291 80.92480318948044
2.8125 14.361666461257759 5.510195046112611e-26 4.13385908042589 81.50447445831631
2.83203125 13.862250791862287 2.5036427489457987e-26 4.069769525527192 82.06797968261048
2.8515625 13.37779179887098 1.1327150065145423e-26 4.006673587238834 82.61553461389015
2.87109375 12.908072319274549 5.10341500240351e-27 3.944555860960644 83.14737181976477
2.890625 12.45285982079934 2.290032301791433e-27 3.883401180918679 83.66373899828194
2.91015625 12.011908038444739 1.0235541988114972e-27 3.8231946164625645 84.16489734509265
2.9296875 11.584958552618211 4.557388273522794e-28 3.763921468420242 84.6511199789615
2.94921875 11.17174230431016 2.021640678527949e-28 3.705567265509229 85.12269043018057
2.96875 10.771981043671547 8.935539395460983e-29 3.6481177608035185 85.5799011955249
2.98828125 10.385388709217015 3.9356080854515544e-29 3.5915589282552536 86.0230523625277
3.0078125 10.01167273567158 1.7275149441942077e-29 3.535876959270329 86.45245030505805
3.02734375 9.650535289207994 7.557784807464993e-30 3.4810582593370816 86.86840645145489
3.046875 9.301674429483649 3.295892143203696e-30 3.4270894447072506 87.27123612580907
3.06640625 8.964785198480843 1.4328455955865277e-30 3.373957339128392 87.66125746239074
3.0859375 8.639560636683504 6.210335072946972e-31 3.321648970626954 88.03879039268952
3.10546875 8.32569272758899 2.683862915552215e-31 3.2701515683412268 88.40415570406977
3.125 8.022873271958034 1.156577667513667e-31 3.2194525594033907 88.75767416863856
3.14453125 7.7307946935522125 4.970465441583757e-32 3.1695395658699055 89.09966574057786
3.1640625 7.449150778400062 2.130417822433029e-32 3.1204004016994893 89.43044881990043
3.18359375 7.177637349873672 9.107826503237593e-33 3.0720230697779485 89.75033958034837
3.203125 6.91595288205125 3.884031832749008e-33 3.0243957589891357 90.0596513589596
3.22265625 6.663799053991573 1.6523566306575754e-33 2.9775068413313153 90.3586941046771
3.2421875 6.420881247657429 7.013127736594811e-34 2.931344869078238 90.64777388326432
3.26171875 6.186908992300914 2.969885609698769e-34 2.885898571984228 90.92719243571484
3.28125 5.9615963581676255 1.2549309936352442e-34 2.8411568545326014 91.19724678729976
3.30078125 5.74466230239295 5.291555419411135e-35 2.797108793226743 91.45822890438029
3.3203125 5.535830969955248 2.2266941163569467e-35 2.7537436339231833 91.71042539612155
3.33984375 5.334831952521082 9.351492334944376e-36 2.71105078920602 91.95411725827287
3.359375 5.1414005079696885 3.9198819794761814e-36 2.6690198358020454 92.18957965622825
3.37890625 4.955277743320605 1.6400778535667056e-36 2.627640512035952 92.41708174464343
3.3984375 4.776210763712148 6.849867715242079e-37 2.5869027153249857 92.63688652096285
3.41796875 4.60395278999187 2.8559602542522444e-37 2.546796499712447 92.84925071029566
3.4375 4.438263247385182 1.188774756947418e-37 2.5073120734394267 93.05442467917537
3.45703125 4.278907827607056 4.940248692361091e-38 2.46843979655419 93.25265237583874
3.4765625 4.125658526675786 2.049856526581244e-38 2.430170178558627 93.44417129476557
3.49609375 3.9782936605787387 8.492711222583186e-39 2.392493876091184 93.62921246333006
3.515625 3.8365978608292006 3.5134967675750034e-39 2.355401690645727 93.80800044852506
3.53515625 3.700362051841988 1.4515246131564171e-39 2.318884566325763 93.98075338183224
3.5546875 3.5693834119444565 5.988547717982987e-40 2.282933587633483 94.14768300042205
3.57421875 3.4434653197297544 2.4674639092445307e-40 2.2475399772930835 94.30899470297715
3.59375 3.3224172873513753 1.0153868378405862e-40 2.212695094107829 94.46488761854077
3.61328125 3.2060548822528268 4.1733254645977244e-41 2.178390430850345 94.6155546868968
3.6328125 3.094199638724085 1.713250721957339e-41 2.1446176121856126 94.76118274909028
3.65234375 2.9866789605778137 7.025299545953136e-42 2.111368392626168 94.90195264679599
3.671875 2.8833260161433834 2.877602025269035e-42 2.0786346545190026 95.0380393293376
3.69140625 2.7839796266857904 1.1774289055775861e-42 2.0464084060636716 95.16961196725052
3.7109375 2.6884841492697675 4.8127387009783e-43 2.0146817793611325 95.29683407136908
3.73046875 2.5966893550068195 1.9652531202777586e-43 1.9834470284928303 95.41986361650032
3.75 2.5084503035446404 8.017293587892184e-44 1.9526965276295658 95.53885316882577
3.76953125 2.4236272145843807 3.267639246953114e-44 1.9224227691696818 95.65395001624591
3.7890625 2.3420853371415062 1.330610307400463e-44 1.892618361906115 95.76529630095236
3.80859375 2.2636948172004354 5.413661310427707e-45 1.8632760292218646 95.87302915357768
3.828125 2.1883305643516975 2.20073214078245e-45 1.8343886073134383 95.97728082833484
3.84765625 2.1158721179428825 8.939047187123557e-46 1.8059490434418397 96.07817883861526
3.8671875 2.046203513221041 3.628062910547453e-46 1.7779503942106734 96.17584609256826
3.88671875 1.9792131478942856 1.4713943968489118e-46 1.7503858238709444 96.27040102823474
3.90625 1.9147936494940083 5.963000726460216e-47 1.7232486026521403 96.36195774785382
3.92578125 1.8528417438761786 2.414862874725128e-47 1.6965321051191862 96.4506261510046
3.9453125 1.7932581251604915 9.772865659551902e-48 1.6702298085548732 96.5365120662846
3.96484375 1.7359473273695072 3.952417845674829e-48 1.6443352913673666 96.61971738126309
3.984375 1.6808175979962052 1.597439861003356e-48 1.6188422315224003 96.70034017048135
4.00390625 1.627780773697411 6.452319442050871e-49 1.5937444049997804 96.77847482130277
4.0234375 1.5767521582821689 2.6046266972405903e-49 1.5690356842738182 96.85421215744397
4.04296875 1.5276504031381823 1.0508039353587818e-49 1.5447100368173203 96.92763956004445
4.0625 1.4803973902157685 4.2369413878537377e-50 1.5207615236287737 96.99884108615541
4.08203125 1.4349181176672205 1.707440109158958e-50 1.4971842977823637 97.06789758455037
4.1015625 1.3911405882199093 6.877144858493625e-51 1.4739726030004736 97.13488680877957
4.12109375 1.3489957003437434 2.768520077537556e-51 1.4511207722483128 97.19988352740789
4.140625 1.3084171422576045 1.1139632796377018e-51 1.4286232263503362 97.26295963139201
4.16015625 1.2693412888049718 4.480065824936878e-52 1.4064744726281118 97.32418423856686
4.1796875 1.231707101216022 1.8009208465594555e-52 1.384669103559307 97.38362379522461
4.19921875 1.19545602976192 7.2361526743747285e-53 1.3632017954574662 97.44134217478054
4.21875 1.1605319192967118 2.906227550800702e-53 1.342067307172255 97.49740077353097
4.23828125 1.1268809176730734 1.1667183404387788e-53 1.3212604788098568 97.551858603517
4.2578125 1.0944513870100852 4.6819035201847044e-54 1.3007762304732058 97.60477238251664
4.27734375 1.06319381778409 1.8780373817405708e-54 1.2806095610217534 97.65619662119408
4.296875 1.0330607457074776 7.530372561452934e-55 1.2607555468504612 97.706183707442
4.31640625 1.0040066713548317 3.0183117136843726e-55 1.2412093406877234 97.75478398795738
4.3359375 0.9759879824912348 1.2093496152007409e-55 1.2219661704119271 97.80204584709678
4.35546875 0.9489628790535413 4.843779878314873e-56 1.2030213378863592 97.84801578306003
4.375 0.9228913007320805 1.9393942371639484e-56 1.1843702178121769 97.89273848145568
4.39453125 0.8977348570974529 7.762493467191975e-57 1.1660082565991605 97.93625688630333
4.4140625 0.8734567602147978 3.1059464205855414e-57 1.1479309712539747 97.97861226853117
4.43359375 0.8500217596860777 1.2423621508246306e-57 1.1301339482856645 98.0198442920282
4.453125 0.8273960800595119 4.9678427542132625e-58 1.1126128426281214 98.0599910773123
4.47265625 0.8055473605442431 1.9858962174367286e-58 1.0953633765792534 98.09908926287645
4.4921875 0.784444596967611 7.936296949515185e-59 1.078381338756603 98.13717406427573
4.51171875 0.7640580859119891 3.170701610346014e-59 1.0616625830691566 98.1742793310188
4.53125 0.7443593709679919 1.2664039952383442e-59 1.0452030277050937 98.21043760132686
4.55078125 0.7253211910409436 5.056753959167784e-60 1.028998654135231 98.24568015482377
4.5703125 0.7069174306477928 2.018631912416805e-60 1.013045506131915 98.28003706322023
4.58984375 0.6891230721421301 8.056217990051082e-61 0.9973396888031271 98.31353723905468
4.609375 0.6719141498056056 3.214378004627953e-61 0.9818773676415617 98.34620848255277
4.62890625 0.6552677057448136 1.2822040789358023e-61 0.9666547675884488 98.37807752666667
4.6484375 0.6391617475336121 5.113456183880724e-62 0.9516681721118887 98.40917008035443
4.66796875 0.6235752075418393 2.038786374007425e-62 0.9369139222994775 98.43951087015861
4.6875 0.6084879038924815 8.127018312304878e-63 0.9223884159649992 98.46912368014245
4.70703125 0.5938805029905049 3.2388850696773323e-63 0.9080881067689679 98.49803139024046
4.7265625 0.579734483567787 1.2905266899442337e-63 0.8940095033528039 98.52625601307933
4.74609375 0.5660321021898592 5.14100341132646e-64 0.880149168486434 98.55381872932364
4.765625 0.5527563601714801 2.0475780311849986e-64 0.8665037182291061 98.58073992159935
4.78515625 0.5398909718494046 8.153552040644283e-65 0.8530698211032155 98.60703920704731
4.8046875 0.5274203341620795 3.2461540890515997e-65 0.8398441972809385 98.63273546855692
4.82421875 0.5153294974873733 1.2921392748632792e-65 0.8268236177834768 98.65784688472908
4.84375 0.5036041376908398 5.142441821366419e-66 0.8140049036927162 98.68239095861638
4.86328125 0.49223052933840006 2.046214705390615e-66 0.8013849253751077 98.70638454528643
4.8828125 0.48119552002872207 8.140603504133096e-67 0.7889606017175811 98.72984387825363
4.90234375 0.47048650580195 3.2380784475402e-67 0.7767288993753041 98.75278459482269
4.921875 0.46009140758281025 1.2877904893689046e-67 0.7646868320311048 98.77522176038603
4.94140625 0.4499986486174714 5.120729251721409e-68 0.7528314596663749 98.7971698917161
4.9609375 0.44019713286487355 2.035864112280033e-68 0.7411598878432774 98.8186429792918
4.98046875 0.4306762243045579 8.092779404905455e-69 0.7296692669980814 98.83965450869731
5.0 0.4214257271243205 3.2164742943332096e-69 0.7183567917454542 98.86021748113018
5.01953125 0.41243586675228355 1.2781958799943187e-69 0.7072197001935381 98.88034443305413
5.0390625 0.4036972716992184 5.07868320602872e-70 0.6962552732696468 98.90004745503109
5.05859375 0.39520095617817297 2.0176350318653426e-70 0.6854608340564151 98.91933820976536
5.078125 0.38693830346964025 8.014440817827511e-71 0.6748337471382418 98.93822794939206
5.09765625 0.37890105000166313 3.183056063904314e-71 0.6643714179578639 98.95672753204042
5.1171875 0.37108127011539954 1.2640291031664733e-71 0.6540712921829066 98.97484743770164
5.13671875 0.3634713614877686 5.018949480695493e-72 0.6439308550822544 98.99259778342993
5.15625 0.3560640311838653 1.992566149942432e-72 0.6339476309120905 99.00998833790399
5.17578125 0.3488522823128684 7.909663708075198e-73 0.6241191823114541 99.02702853537562
5.1953125 0.34182940126217126 3.139422589908001e-73 0.61444310970717 99.0437274890306
5.21484375 0.33498894548544045 1.2459170759353184e-73 0.6049170507280025 99.0600940037865
5.234375 0.3283247318212518 4.943985373267686e-74 0.5955386796278932 99.0761365885508
5.25390625 0.32183082531986823 1.9616203032325633e-74 0.58630570671814 99.09186346796193
5.2734375 0.31550152855660724 7.782219458885775e-75 0.5772158778083792 99.10728259363495
5.29296875 0.30933137141110373 3.0870506232908154e-75 0.5682669736562356 99.1224016549326
5.3125 0.3033151012925975 1.2244378643412374e-75 0.5594568094255028 99.13722808928185
5.33203125 0.2974476737921751 4.8560530051949474e-76 0.5507832341527259 99.15176909205505
5.3515625 0.2917242437436655 1.9256824584600788e-76 0.5422441302220528 99.16603162603423
5.37109375 0.28614015667563075 7.63556917303199e-77 0.5338374128482272 99.18002243047609
5.390625 0.2806909406376121 3.027293427153868e-77 0.5255610295675976 99.19374802979473
5.41015625 0.27537229838448 1.2001204414357992e-77 0.5174129597370173 99.20721474187845
5.4296875 0.2701800999034037 4.757219524227779e-78 0.5093912140405126 99.22042868605602
5.44921875 0.2651103752685943 1.8855602206356723e-78 0.5014938340036004 99.23339579072774
5.46875 0.2601593078095958 7.472867263978261e-79 0.4937188915151349 99.24612180067521
5.48828125 0.25532322757948694 2.961382780367105e-79 0.48606448835656774 99.25861228406389
5.5078125 0.2505986051099324 1.1734456948254582e-79 0.4785287557385061 99.2708726391515
5.52734375 0.24598204544056668 4.649361882119727e-80 0.47110985384445586 99.28290810071492
5.546875 0.24147028241072427 1.841986014705871e-80 0.4638059713816383 99.29472374620758
5.56640625 0.23706017320203565 7.296971159554937e-81 0.456615325138771 99.30632450165913
5.5859375 0.23274869312089533 2.890433210977658e-81 0.4495361595507043 99.31771514732834
5.60546875 0.2285329306102768 1.14484824643815e-81 0.44256674626980785 99.32890032311985
5.625 0.2244100824808179 4.5341745662178003e-82 0.4357053837440019 99.33988453377512
5.64453125 0.22037744935153125 1.795620339596571e-82 0.4289503968013308 99.35067215384707
5.6640625 0.21643243129090864 7.110454891413471e-83 0.4223001362409769 99.36126743246805
5.68359375 0.2125725236495846 2.815447634612629e-83 0.41575297843061554 99.37167449791974
5.703125 0.20879531307610594 1.114718779089251e-83 0.409307324910012 99.38189736201382
5.72265625 0.20509847370771891 4.413179154259564e-84 0.4029616020007645 99.39193992429145
5.7421875 0.201479763528436 1.7470556761744396e-84 0.3967142604220974 99.4018059760494
5.76171875 0.19793702088698012 6.915625021794327e-85 0.39056377491261096 99.41149920420034
5.78125 0.19446816116752627 2.7373238250236483e-85 0.38450864385789546 99.42102319497451
5.80078125 0.1910711736064683 1.0834066579618836e-85 0.3785473889239185 99.43038143746955
5.8203125 0.1877441182487351 4.287734908800589e-86 0.372678554696096 99.4395773270551
5.83984375 0.18448512303746287 1.6968207593967487e-86 0.3669007083239594 99.44861416863851
5.859375 0.1812923810311017 6.714537836482723e-87 0.36121243917133095 99.4574951797975
5.87890625 0.17816414774229464 2.656861320833508e-87 0.3556123584719234 99.46622349378572
5.8984375 0.175098738593116 1.0512227006612286e-87 0.3500990989902786 99.47480216241654
5.91796875 0.17209452648149387 4.1590498704571157e-88 0.3446713146879626 99.48323415883047
5.9375 0.16914993945387 1.6453850148078196e-88 0.33932768039493666 99.49152238015112
5.95703125 0.16626345847936852 6.509017065574452e-89 0.33406689148602237 99.49966965003453
5.9765625 0.16343361532095366 2.5747684956960663e-89 0.3288876635623833 99.50767872111659
5.99609375 0.160658990499257 1.0184419950731786e-89 0.32378873213794435 99.51555227736273
6.015625 0.15793821134494573 4.028192077754717e-90 0.31876885233067315 99.52329293632431
6.03515625 0.1552699501356868 1.593163021916017e-90 0.3138267985586474 99.53090325130559
6.0546875 0.15265292231393682 6.300671624417843e-91 0.3089613642408344 99.53838571344515
6.07421875 0.15008588478195503 2.491669604436262e-91 0.30417136150250945 99.54574275371546
6.09375 0.14756763427059744 9.853066958322592e-92 0.2994556208852414 99.55297674484409
6.11328125 0.1450970057786026 3.8961006581794424e-92 0.2948129910613745 99.56009000315996
6.1328125 0.14267287107922721 1.5405189101995107e-92 0.29024233855293663 99.56708479036777
6.15234375 0.14029413729122875 6.090913026996589e-93 0.2857425474549057 99.5739633152538
6.171875 0.13795974551132748 2.4081116769113596e-93 0.28131251916276606 99.58072773532585
6.19140625 0.1356686695054074 9.520287521070485e-94 0.27695117210428927 99.58738015839025
6.2109375 0.13341991445583903 3.7635966161223903e-94 0.2726574414754726 99.59392264406863
6.23046875 0.1312125157624231 1.487770623521748e-94 0.268430278980572 99.60035720525694
6.25 0.1290455378945673 5.880972235277639e-95 0.26426865257616494 99.60668580952921
6.26953125 0.12691807329241434 2.324571172566596e-95 0.26017154621918187 99.61291038048834
6.2890625 0.12482924131474221 9.187925346977146e-96 0.2561379596188434 99.61903279906636
6.30859375 0.12277818723155536 3.631393200105973e-96 0.25216690799244373 99.62505490477595
6.328125 0.12076408125937865 1.4351940097765386e-96 0.2482574218249202 99.63097849691565
6.34765625 0.11878611763735564 5.67191578615794e-97 0.2444085466321504 99.63680533573044
6.3671875 0.11684351374233734 2.241460337673052e-97 0.24061934272791902 99.6425371435297
6.38671875 0.11493550924122997 8.857573412241792e-98 0.2368888849944975 99.64817560576422
6.40625 0.11306136527894735 3.5001057717845675e-98 0.23321626265678055 99.65372237206422
6.42578125 0.11122036370038828 1.3830267075063912e-98 0.22960057905992437 99.65917905723964
6.4453125 0.10941180630493041 5.464661093214004e-99 0.2260409514504322 99.6645472422446
6.46484375 0.10763501413199979 2.1591332279414203e-99 0.222536510760634 99.66982847510732
6.484375 0.10588932677634011 8.530597659038161e-100 0.21908640139650712 99.67502427182711
6.50390625 0.104174101731668 3.3702611280184324e-100 0.21568978102878694 99.6801361172395
6.5234375 0.10248871376145922 1.33147181199337e-100 0.21234582038731573 99.68516546585118
6.54296875 0.10083255429566788 5.259990860645899e-101 0.20905370305857993 99.6901137426457
6.5625 0.09920503085223409 2.0778913742317645e-101 0.20581262528638636 99.69498234386134
6.58203125 0.09760556648228745 8.208159260400153e-102 0.20262179577562858 99.69977263774204
6.6015625 0.09603359923800296 3.2423062483717386e-102 0.19948043549909564 99.70448596526286
6.62109375 0.0944885816621126 1.280701311209605e-102 0.19638777750727598 99.70912364083057
6.640625 0.09296998029812126 5.058566576381538e-103 0.19334306674111 99.71368695296073
6.66015625 0.09147727522031814 1.9979890801749076e-103 0.1903455598476456 99.718177164932
6.6796875 0.09000995958271582 7.891235415082853e-104 0.18739452499855194 99.7225955154187
6.69921875 0.08856753918608846 3.1166164560317874e-104 0.18448924171144657 99.72694321910244
6.71875 0.08714953206231757 1.2308592878949729e-104 0.18162900067399285 99.73122146726367
6.73828125 0.08575546807528968 4.860941073419096e-105 0.17881310357072433 99.73543142835396
6.7578125 0.08438488853762438 1.9196383488397415e-105 0.1760408629125542 99.7395742485498
6.77734375 0.0830373458425432 7.580638666574338e-106 0.17331160186892763 99.74365105228851
6.796875 0.08171240311022143 2.993502991934427e-106 0.17062465410257668 99.74766294278719
6.81640625 0.08040963384799417 1.1820648884691777e-106 0.16797936360683685 99.75161100254516
6.8359375 0.07912862162381626 4.667570165211039e-107 0.16537508454548588 99.75549629383069
6.85546875 0.07786895975240297 1.843013441883074e-107 0.1628111810950657 99.75931985915253
6.875 0.07663025099350368 7.277034764184512e-108 0.16028702728964886 99.76308272171684
6.89453125 0.07541210726178578 2.873220010832019e-108 0.15780200686801157 99.76678588587019
6.9140625 0.07421414934782933 1.1344150628590616e-108 0.1553555131231764 99.77043033752898
6.93359375 0.0730360066497553 4.478823373606978e-109 0.1529469487542871 99.77401704459594
6.953125 0.0718773169150321 1.768255079409181e-109 0.15057572572078054 99.77754695736417
6.97265625 0.07073772599202471 6.980959102183932e-110 0.1482412650988188 99.78102100890914
6.9921875 0.06961688759087131 2.755971014836663e-110 0.14594299693994767 99.78444011546917
7.01171875 0.06851446305328984 1.0879870818804601e-110 0.14368036013194607 99.78780517681474
7.03125 0.06743012113093554 4.294993777499093e-111 0.14145280226183302 99.79111707660721
7.05078125 0.06636353777194696 1.6954742923861707e-111 0.1392597794809983 99.79437668274703
7.0703125 0.06531439591533447 6.692831786568376e-112 0.1371007563724243 99.79758484771222
7.08984375 0.06428238529288041 2.6419147450788267e-112 0.13497520581996614 99.80074240888713
7.109375 0.06326720223823522 1.0428408407298232e-112 0.1328826088796586 99.80385018888208
7.12890625 0.06226854950290748 4.116307017493263e-113 0.13082245465301823 99.80690899584405
7.1484375 0.061286136078859764 1.6247559421533798e-113 0.12879424016230964 99.80991962375882
7.16796875 0.06031967702743456 6.412971389068842e-114 0.12679747022774573 99.8128828527448
7.1875 0.05936889331434706 2.5311705558701472e-114 0.12483165734659163 99.81579944933905
7.20703125 0.05843351165049334 9.9902095853753e-115 0.122896321574143 99.81867016677536
7.2265625 0.05751326433833335 3.9429294971234006e-115 0.12099099040654969 99.82149574525512
7.24609375 0.0566078891236191 1.5561619234816918e-115 0.11911519866545592 99.82427691221093
7.265625 0.05571712905224845 6.141607455163653e-116 0.11726848838442899 99.82701438256333
7.28515625 0.054840732332034584 2.423823298394535e-116 0.11545040869714879 99.82970885897083
7.3046875 0.053978452199190646 9.565586849050756e-117 0.11366051572733069 99.83236103207349
7.32421875 0.05313004678933779 3.774975824686406e-117 0.11189837248035513 99.83497158073033
7.34375 0.05229527901285337 1.4897340689498988e-117 0.11016354873657724 99.83754117225058
7.36328125 0.051473916434384016 5.8788918375846e-118 0.10845562094629059 99.84007046261934
7.3828125 0.05066573115635613 2.319927742666212e-118 0.10677417212631932 99.84256009671734
7.40234375 0.049870499706323616 9.154736249653818e-119 0.10511879175821356 99.84501070853547
7.421875 0.049088002927999745 3.612515541980831e-119 0.10348907568802311 99.84742292138398
7.44140625 0.048318025875826606 1.425496773182036e-119 0.10188462602762498 99.84979734809656
7.4609375 0.047560357712942244 5.624908929552558e-120 0.10030505105758075 99.85213459122949
7.48046875 0.04681479161241142 2.2195125674441216e-120 0.09874996513149999 99.85443524325609
7.5 0.046081124661592004 8.757752948298785e-121 0.09721898858188627 99.85669988675653
7.51953125 0.04535915776951434 3.455579187316409e-121 0.0957117476274431 99.85892909460306
7.5390625 0.0446486955771565 1.3634593558428623e-121 0.09422787428181678 99.86112343014103
7.55859375 0.04394954637050315 5.379684873076718e-122 0.09276700626375413 99.86328344736575
7.578125 0.043261521996280854 2.1225839481134847e-122 0.09132878690865309 99.86540969109507
7.59765625 0.04258443778026702 8.374645193695338e-123 0.08991286508148462 99.86750269713825
7.6171875 0.04191811244807436 3.304163740324611e-123 0.0885188950910646 99.86956299246086
7.63671875 0.041262368048316754 1.3036181822888051e-123 0.0871465366056548 99.87159109534602
7.65625 0.040617029878066535 5.1431958174051865e-124 0.08579545456987238 99.87358751555205
7.67578125 0.039981926410517066 2.0291287723529873e-124 0.08446531912288756 99.87555275446658
7.6953125 0.03935688922476811 8.005346841646062e-125 0.08315580551788954 99.87748730525733
7.71484375 0.03874175293765505 3.1582374955164165e-125 0.08186659404280094 99.87939165301954
7.734375 0.038136355137546256 1.2459585604873296e-125 0.08059736994222155 99.88126627492022
7.75390625 0.0375405363200364 4.915375301385578e-126 0.07934782334058207 99.88311164033937
7.7734375 0.03695413982546608 1.9391175128022017e-126 0.0781176491664894 99.88492821100803
7.79296875 0.036377011778201594 7.649728531891139e-127 0.07690654707824475 99.88671644114353
7.8125 0.035809001027611 3.0177444103560947e-127 0.0757142213905165 99.88847677758186
7.83203125 0.03524995909067566 1.1904564323083389e-127 0.07454038100214996 99.89020965990716
7.8515625 0.03469974009617875 4.696120831312986e-128 0.07338473932509625 99.8919155205787
7.87109375 0.034158200730414756 1.8525067850175743e-128 0.07224701421444302 99.89359478505513
7.890625 0.03362520018436629 7.307607634054894e-129 0.0711269278995301 99.89524787191608
7.91015625 0.03310060010229679 2.882607971983106e-129 0.0700242069161329 99.89687519298155
7.9296875 0.032584264531709824 1.1370798766088693e-129 0.06893858203969737 99.89847715342857
7.94921875 0.032076059874627555 4.485299723010968e-130 0.06786978821960993 99.90005415190575
7.96875 0.0315758548401432 1.7692416178348556e-130 0.06681756451448655 99.90160658064536
7.98828125 0.031083520398203824 6.978757069627917e-131 0.06578165402846503 99.90313482557332
8.0078125 0.030598929734581858 2.7527346247350206e-131 0.064761803848485 99.90463926641692
8.02734375 0.03012195820699519 1.0857904407221271e-131 0.06375776498254025 99.90612027681046
8.046875 0.02965248330233748 4.2827542735831755e-132 0.06276929229888849 99.90757822439876
8.06640625 0.0291903845949818 1.6892574619084107e-132 0.0617961444662034 99.9090134709388
8.0859375 0.028735543706122205 6.6629131114422245e-133 0.060838083894654706 99.91042637239921
8.10546875 0.028287844264119233 2.628016798403039e-133 0.0598948766779016 99.91181727905797
8.125 0.02784717186581672 1.036544316062577e-133 0.058966292535985565 99.91318653559819
8.14453125 0.0274134140387986 4.088306324638241e-134 0.05805210475910848 99.91453448120208
8.1640625 0.026986460204555546 1.6124819607310211e-134 0.05715209015228242 99.91586144964315
8.18359375 0.02656620164253258 6.359782256186524e-135 0.05626602898083759 99.91716776937662
8.203125 0.02615253145502983 2.5083355747735392e-135 0.055393704916775005 99.91845376362818
8.22265625 0.02574534453292972 9.892933726031052e-136 0.054534904985951003 99.91971975048111
8.2421875 0.02534453752222495 3.90176127495481e-136 0.05368941951608049 99.92096604296168
8.26171875 0.024950008791322552 1.5388365068999858e-136 0.05285704208554637 99.92219294912312
8.28125 0.02456165839910029 6.0690472593500255e-137 0.052037569473002594 99.92340077212788
8.30078125 0.024179388063692606 2.3935630275451586e-137 0.05123080160775857 99.92458981032853
8.3203125 0.02380310113198408 9.439860659954937e-138 0.050436541520932764 99.92576035734706
8.33984375 0.023432702549789342 3.722911596621134e-138 0.04965459529736357 99.92691270215282
8.359375 0.023068098832699075 1.4682376048264093e-138 0.048884772028265785 99.928047129139
8.37890625 0.022709198037572487 5.79037241572899e-139 0.048126883764621084 99.92916391819777
8.3984375 0.022355909734657488 2.2835642682196935e-139 0.04738074547129103 99.93026334479401
8.41796875 0.022008144980320336 9.00568230113884e-140 0.04664617498184157 99.9313456800378
8.4375 0.02166581629036733 3.551539904739821e-140 0.045922992954067904 99.93241119075552
8.45703125 0.021328837613941665 1.4005980595170129e-140 0.04521102282620882 99.9334601395598
8.4765625 0.02099712430797926 5.523408162403741e-141 0.04451009077383995 99.93449278491813
8.49609375 0.020670593112207845 2.178199228093496e-141 0.04382002566743527 99.93550938122031
8.515625 0.02034916212467432 8.589837668203663e-142 0.04314065903058656 99.9365101788447
8.53515625 0.02003275077778576 3.3874216269006514e-142 0.04247182499887062 99.9374954242233
8.5546875 0.01972127981485009 1.3358280095172711e-142 0.041813360279354214 99.93846535990575
8.57421875 0.019414671267102862 5.267795074992639e-143 0.04116510411072676 99.93942022462213
8.59375 0.019112848431207113 2.0773242040608867e-143 0.0405268982240512 99.94036025334469
8.61328125 0.018815735847213685 8.191752437962873e-144 0.039898586804123296 99.94128567734862
8.6328125 0.01852325927696982 3.230327314845578e-144 0.039280016451430026 99.94219672427155
8.65234375 0.018235345682964338 1.2738358206109976e-144 0.038671036144697774 99.9430936181723
8.671875 0.017951923207597982 5.023167322087871e-145 0.038071497204021115 99.94397657958834
8.69140625 0.017672921152868035 1.9807931936103513e-145 0.03748125325456328 99.94484582559252
8.7109375 0.01739826996045656 7.810844103627682e-146 0.036900160190819355 99.94570156984868
8.73046875 0.01712790119221207 3.0800246371192526e-146 0.03632807614143357 99.94654402266632
8.75 0.01686174751101471 1.2145288554393446e-146 0.03576486143456199 99.94737339105438
8.76953125 0.01659974266201537 4.7891556371310775e-147 0.03521037856377228 99.94818987877417
8.7890625 0.016341821454239513 1.8884590421686014e-147 0.03466449215447206 99.94899368639125
8.80859375 0.016087919742546697 7.446526403369726e-148 0.03412706893085781 99.94978501132655
8.828125 0.015837974409937183 2.9362800880443375e-148 0.03359797768337617 99.95056404790664
8.84765625 0.015591923350197219 1.1578141328421645e-148 0.03307708923668966 99.95133098741306
8.8671875 0.015349705450874865 4.56538986163342e-149 0.03256427641813912 99.95208601813093
8.88671875 0.015111260576578507 1.8001744238410211e-149 0.03205941402669502 99.95282932539666
8.90625 0.014876529552590435 7.098213101420041e-150 0.03156237880239021 99.95356109164496
8.92578125 0.014645454148788107 2.7988604451020754e-150 0.031073049396226498 99.95428149645493
8.9453125 0.014417977063865939 1.1035988894435045e-150 0.030591306340547825 99.95499071659553
8.96484375 0.014194041909850682 4.351501108609397e-151 0.030117032019872765 99.95568892607022
8.984375 0.01397359319690367 1.7157926746185444e-151 0.02965011064217921 99.95637629616087
9.00390625 0.013756576318403409 6.765321196111367e-152 0.029190428210634244 99.95705299547092
9.0234375 0.013542937536302185 2.6675340037465586e-152 0.028737872495762318 99.95771918996789
9.04296875 0.013332623966750534 1.051791054804754e-152 0.028292333008044904 99.95837504302516
9.0625 0.013125583565983649 4.1471235903903813e-153 0.027853700970944955 99.95902071546303
9.08203125 0.012921765116463894 1.6351684952753694e-153 0.027421869294349588 99.95965636558914
9.1015625 0.012721118213273852 6.447273622029879e-154 0.026996732548424503 99.96028214923825
9.12109375 0.012523593250754406 2.542071615840971e-154 0.02657818693787373 99.96089821981133
9.140625 0.012329141409382599 1.0022996503551934e-154 0.02616613027659847 99.96150472831397
9.16015625 0.012137714642884073 3.951896150617129e-155 0.025760461962748796 99.96210182339432
9.1796875 0.011949265665575123 1.558158539470192e-155 0.02536108295416215 99.96268965138022
9.19921875 0.011763747939929467 6.143501506734255e-156 0.02496789574418262 99.96326835631584
9.21875 0.011581115664365019 2.422247555275675e-156 0.02458080433785512 99.96383807999773
9.23828125 0.011401323761246047 9.550351212800401e-157 0.024199714228488642 99.96439896201021
9.2578125 0.011224327865096246 3.765463536177816e-157 0.02382453237458284 99.96495113976026
9.27734375 0.011050084311018362 1.4846219009845507e-157 0.023455167177112362 99.9654947485118
9.296875 0.01087855012331613 5.8534460363176355e-158 0.02309152845716335 99.96602992141945
9.31640625 0.010709683004314388 2.3078402319080198e-158 0.022733527433916628 99.9665567895617
9.3359375 0.010543441323373353 9.099096095989819e-159 0.022381076702972277 99.96707548197358
9.35546875 0.01037978410609314 3.587477441152081e-159 0.022034090215010203 99.96758612567882
9.375 0.010218671023704709 1.414420512581875e-159 0.021692483254781587 99.96808884572144
9.39453125 0.010060062382643514 5.5765599784160435e-160 0.02135617242042601 99.96858376519685
9.4140625 0.009903919114302252 2.1986327727453503e-160 0.02102507560310926 99.96907100528252
9.43359375 0.009750202764959148 8.668371758006821e-161 0.020699111966976817 99.96955068526799
9.453125 0.009598875485878365 3.4175973514296966e-161 0.020378201929418114 99.97002292258463
9.47265625 0.00944990002357916 1.347419467644901e-161 0.020062267141636805 99.9704878328347
9.4921875 0.009303239710270517 5.312308906084265e-162 0.01975123046952223 99.97094552982013
9.51171875 0.009158858454448063 2.0944134872673514e-162 0.019445015974817476 99.97139612557065
9.53125 0.009016720731650146 8.257339756073489e-163 0.019143548896579356 99.97183973037168
9.55078125 0.008876791575370037 3.255491215580662e-163 0.018846755632925864 99.97227645279162
9.5703125 0.008739036568121276 1.2834872745413203e-163 0.01855456372306659 99.97270639970873
9.58984375 0.008603421832653281 5.0601721612426766e-164 0.018266901829611732 99.97312967633765
9.609375 0.008469914023314358 1.9949762319414905e-164 0.017983699721155388 99.97354638625545
9.62890625 0.008338480317559377 7.865183977240421e-165 0.017704888255128844 99.97395663142723
9.6484375 0.008209088407599398 3.100835964744606e-165 0.017430399360919734 99.9743605122314
9.66796875 0.008081706492190605 1.2224960525709862e-165 0.017160166023252887 99.97475812748448
9.6875 0.007956303268559973 4.819643592118393e-166 0.016894122265828836 99.97514957446553
9.70703125 0.007832847924465142 1.9001206873148836e-166 0.016632203135215993 99.97553494894024
9.7265625 0.007711310130386054 7.491111677755306e-167 0.01637434468499255 99.97591434518453
9.74609375 0.007591660031845909 2.953317901763922e-167 0.01612048396013424 99.97628785600793
9.765625 0.0074738682418591116 1.1643216773556748e-167 0.015870558981644127 99.97665557277641
9.78515625 0.007357905833503896 4.590232095233018e-168 0.015624508731420718 99.977017585435
9.8046875 0.007243744332617374 1.809652559555947e-168 0.01538227313736065 99.97737398252994
9.82421875 0.0071313557106108 7.134354230446017e-169 0.015143793058692349 99.97772485123062
9.84375 0.007020712377402905 2.8126329774884686e-169 0.014909010271537062 99.97807027735098
9.86328125 0.0069117871744691734 1.1088438826368988e-169 0.014677867454693756 99.97841034537076
9.8828125 0.006804553368005014 4.3714619889977935e-170 0.014450308175644386 99.97874513845628
9.90234375 0.0066989846422007854 1.7233837169580495e-170 0.014226276876776151 99.97907473848095
9.921875 0.0065950550926267126 6.794167620951329e-171 0.014005718861817333 99.97939922604547
9.94140625 0.006492739219725744 2.6784869701115594e-171 0.013788580282483446 99.97971868049771
9.9609375 0.006392011922412454 1.0559463246412543e-171 0.013574808125330406 99.98003317995217
9.98046875 0.006292848491776138 4.1628732428360004e-172 0.013364350198811532 99.98034280130933
10.0 0.006195224604886266 1.6411322706934975e-172 0.013157155120535204 99.9806476202745
10.01953125 0.006099116318698526 6.469832728864035e-173 0.012953172304720073 99.9809477113765
10.0390625 0.006004500064059697 2.5505955815393384e-173 0.012752351949844764 99.98124314798602
10.05859375 0.005911352639809647 1.0055166144491532e-173 0.012554645026489048 99.98153400233363
10.078125 0.005819651206978771 3.964021582933781e-174 0.012360003265363524 99.9818203455276
10.09765625 0.005729373283079232 1.5627226080083595e-174 0.01216837914552488 99.98210224757133
10.1171875 0.005640496736488385 6.160655425575588e-175 0.011979725882773858 99.98237977738067
10.13671875 0.0055529997809228085 2.4286844631306308e-175 0.011793997418233096 99.98265300280077
10.15625 0.005466860970001392 9.574463231544791e-176 0.011611148407102055 99.98292199062283
10.17578125 0.005382059191895959 3.77447849319645e-176 0.011431134207586277 99.98318680660044
10.1953125 0.005298573664067938 1.4879853850659907e-176 0.011253910869998291 99.98344751546585
10.21484375 0.0052163839280896206 5.865966516786399e-177 0.011079435126027479 99.98370418094581
10.234375 0.005135469844548572 2.312489181655508e-177 0.01090766437817631 99.9839568657772
10.25390625 0.005055811588033783 9.11630964023213e-178 0.010738556689360348 99.98420563172253
10.2734375 0.004977389642202196 3.593831127732005e-178 0.010572070772669489 99.98445053958505
10.29296875 0.004900184794924248 1.4167574857694211e-178 0.010408165981287942 99.98469164922372
10.3125 0.004824178133507092 5.5851215542304055e-179 0.010246802298570487 99.98492901956786
10.33203125 0.00474935103999421 2.2017551349918343e-179 0.010087940328272585 99.98516270863166
10.3515625 0.004675685186540134 8.679699553420321e-180 0.009931541284931948 99.98539277352846
10.37109375 0.004603162530859014 3.4216821491721003e-180 0.009777566984399248 99.98561927048468
10.390625 0.004531765311745812 1.3488819521103153e-180 0.009625979834515611 99.98584225485368
10.41015625 0.004461476044668906 5.317500538119049e-181 0.009476742825934664 99.98606178112934
10.4296875 0.004392277517432921 2.0962374258953077e-181 0.009329819523086855 99.98627790295942
10.44921875 0.004324152785910623 8.263665671874797e-182 0.00918517405528387 99.98649067315874
10.46875 0.004257085169842731 3.2576495053502456e-182 0.009042771107960963 99.98670014372213
10.48828125 0.0041910582487045215 1.2842078908959337e-182 0.008902575914055052 99.98690636583717
10.5078125 0.004126055857638132 5.062507529102355e-183 0.008764554245516492 99.98710938989677
10.52734375 0.004062062083449473 1.9957007011258184e-183 0.00862867240495245 99.98730926551153
10.546875 0.003999061260668685 7.867278549370455e-184 0.00849489721739983 99.98750604152185
10.56640625 0.003937037967673105 3.101366155265951e-184 0.008363196022225744 99.98769976601002
10.5859375 0.003875977022871706 1.222590361087042e-184 0.008233536665153566 99.9878904863119
10.60546875 0.0038158634809500125 4.819570186140681e-185 0.008105887490412602 99.98807824902856
10.625 0.0037566826291744963 1.899918962278496e-185 0.007980217333009475 99.98826310003774
10.64453125 0.00369841998375548 7.489645819803134e-186 0.00785649551111932 99.98844508450505
10.6640625 0.0036410612862676005 2.9524797538521116e-186 0.007734691818594954 99.98862424689506
10.68359375 0.0035845925001268867 1.1638902454312251e-186 0.007614776517592173 99.9888006309822
10.703125 0.0035289998071235335 4.588139244549472e-187 0.007496720331309389 99.98897427986148
10.72265625 0.0034742696040094673 1.808675353839742e-187 0.007380494436839823 99.98914523595906
10.7421875 0.003420388499139811 7.129911337665933e-188 0.0072660704581345185 99.98931354104263
10.76171875 0.003367343309167375 2.8106523038129546e-188 0.0071534204590744535 99.98947923623166
10.78125 0.0033151210557893157 1.1079741095904757e-188 0.007042516936650054 99.98964236200746
10.80078125 0.003263708962545118 4.3676879465929804e-189 0.006933332814246457 99.98980295822311
10.8203125 0.003213094451665068 1.7217619332557935e-189 0.00682584143503287 99.9899610641132
10.83984375 0.0031632651409684034 6.787254250408627e-190 0.006720016555454422 99.99011671830348
10.859375 0.003114208840810343 2.6755597816945545e-190 0.006615832338824913 99.99026995882026
10.87890625 0.003065913551077199 1.0547140515326646e-190 0.0065132633490189 99.9904208230998
10.8984375 0.0030183674582288044 4.157711435335979e-191 0.006412284544261574 99.99056934799741
10.91796875 0.002971558932387494 1.6389794271540928e-191 0.006312871271014924 99.99071556979649
10.9375 0.002925476524472886 6.460888018685067e-192 0.006214999257958678 99.99085952421747
10.95703125 0.002880108963381733 2.546891744374102e-192 0.006118644610064568 99.99100124642645
10.9765625 0.002835445153212117 1.0039875435776573e-192 0.0060237838027624585 99.99114077104392
10.99609375 0.0027914741705312766 3.9577261209918257e-193 0.005930393676196931 99.99127813215317
11.015625 0.002748185261686371 1.5601369772868426e-193 0.005838451429572899 99.99141336330864
11.03515625 0.0027055678401574877 6.150059398277535e-194 0.0057479346155888955 99.99154649754415
11.0546875 0.002663611483952222 2.4243509212940013e-194 0.0056588211349566635 99.99167756738099
11.07421875 0.0026223059330411627 9.556772691550133e-195 0.005571089231005706 99.99180660483586
11.09375 0.0025816410868336327 3.767269027709574e-195 0.0054847174843714935 99.9919336414287
11.11328125 0.0025416070016930346 1.485051879263306e-195 0.005399684807766016 99.99205870819044
11.1328125 0.00250219388849118 5.854047395535761e-196 0.005315970440829412 99.99218183567058
11.15234375 0.0024633921102009734 2.3076527970097753e-196 0.005233553945061421 99.99230305394464
11.171875 0.0024251921795268383 9.096709560364609e-197 0.005152415198831408 99.99242239262155
11.19140625 0.002387584756572296 3.585897127603277e-197 0.005072534392465757 99.99253988085087
11.2109375 0.0023505606465440893 1.41354931669535e-197 0.004993892023411422 99.99265554732995
11.23046875 0.0023141107974922856 5.572162206453531e-198 0.0049164688914744665 99.99276942031094
11.25 0.002278226298085776 2.196525187955558e-198 0.0048402460941324174 99.99288152760768
11.26953125 0.0022428983754226146 8.658612075483164e-199 0.004765205021919296 99.99299189660256
11.2890625 0.002208118392874643 3.413186667825865e-199 0.004691327353882198 99.99310055425315
11.30859375 0.002173877847965857 1.3454620929925824e-199 0.0046185950531083125 99.99320752709883
11.328125 0.0021401683702839767 5.303744148000565e-200 0.004546990362321286 99.9933128412673
11.34765625 0.0021069817194246986 2.090707816747292e-200 0.004476495799545861 99.99341652248093
11.3671875 0.002074309782968111 8.241453330427157e-201 0.004407094153839732 99.9935185960631
11.38671875 0.002042144574486758 3.2487324956125028e-201 0.00433876848109156 99.99361908694432
11.40625 0.002010478231584862 1.280630362703265e-201 0.004271502099884146 99.99371801966844
11.42578125 0.0019793030139681972 5.048162589008591e-202 0.004205278587421737 99.99381541839851
11.4453125 0.0019486113015441447 1.9899518868325153e-202 0.004140081775520467 99.99391130692284
11.46484375 0.0019183955925514405 7.844251787083554e-203 0.004075895746660968 99.9940057086607
11.484375 0.001888648501719154 3.0921473854503477e-203 0.004012704830102176 99.99409864666808
11.50390625 0.0018593627584544323 1.2189013639995234e-203 0.003950493598055387 99.9941901436434
11.5234375 0.001830531205058557 4.804814886757016e-204 0.0038892468619176274 99.99428022193293
11.54296875 0.0018021467949708668 1.8940196598486523e-204 0.0038289496685634267 99.99436890353637
11.5625 0.0017742025910401072 7.4660695962824465e-205 0.003769587296694073 99.99445621011218
11.58203125 0.0017466917638227731 2.9430613718604423e-205 0.0037111452532434725 99.99454216298284
11.6015625 0.0017196075899080206 1.16012915364534e-205 0.0036536092698397312 99.99462678314016
11.62109375 0.0016929434502687278 4.5731253343961876e-206 0.0035969652993215924 99.99471009125033
11.640625 0.0016666928286382945 1.8026840376614362e-206 0.0035411995123088838 99.99479210765897
11.66015625 0.0016408493099127743 7.10601093840806e-207 0.0034862982938261337 99.99487285239617
11.6796875 0.00161540657857794 2.8011210906921212e-207 0.0034322482399785346 99.99495234518135
11.69921875 0.001590358417160892 1.1041743455591325e-207 0.003379036154679439 99.99503060542806
11.71875 0.0015656987047058223 4.352544123468455e-208 0.0033266490464285933 99.99510765224876
11.73828125 0.0015414214152735524 1.7157281507152409e-208 0.0032750741251403185 99.99518350445949
11.7578125 0.0015175206164644765 6.763220390290612e-209 0.003224298799020866 99.99525818058441
11.77734375 0.0014939904679645364 2.6659891313207227e-209 0.0031743106714941863 99.99533169886044
11.796875 0.0014708252201138705 1.0509038538854252e-209 0.003125097538175358 99.99540407724162
11.81640625 0.0014480192124977785 4.142546325023466e-210 0.0030766473838909404 99.99547533340352
11.8359375 0.0014255668725596529 1.632944954031438e-210 0.003028948379745521 99.99554548474761
11.85546875 0.0014034627142355302 6.436881323482232e-211 0.0029819888802337423 99.99561454840544
11.875 0.0013817013366099265 2.5373434016966616e-211 0.0029357574203971006 99.9956825412429
11.89453125 0.001360277422592619 1.000190641318817e-211 0.0028902427130248274 99.99574947986429
11.9140625 0.0013391857376160471 3.9426308921613817e-212 0.0028454336458981653 99.99581538061639
11.93359375 0.001318421128353012 1.5541368319345059e-212 0.002801319279077368 99.99588025959248
11.953125 0.001297978521454351 6.126214338028234e-213 0.002757888842230761 99.99594413263623
11.97265625 0.001277852922306279 2.4148765078101928e-213 0.0027151317320052125 99.9960070153456
11.9921875 0.0012580394138070855 9.519134732750238e-214 0.00267303750943737 99.99606892307666
12.01171875 0.0012385331551628856 3.752319686263562e-214 0.0026315958974050327 99.99612987094734
12.03125 0.001219329380702126 1.479115212363592e-214 0.002590796778118037 99.99618987384109
12.05078125 0.0012004233987085518 5.830475734986529e-215 0.0025506301906480407 99.99624894641055
12.0703125 0.0011818105902723457 2.2982951488043215e-215 0.002511086328496607 99.99630710308114
12.08984375 0.0011634864081591556 9.059566783754762e-216 0.00247215553720099 99.99636435805455
12.109375 0.0011454463756967292 3.5711565286745285e-216 0.002433828311977038 99.99642072531223
12.12890625 0.001127686085678881 1.4077001914356145e-216 0.002396095295398643 99.99647621861882
12.1484375 0.0011102011992865212 5.5489560302075046e-217 0.0023589472751131663 99.9965308515255
12.16796875 0.001092987445025478 2.187319528682161e-217 0.0023223751815922805 99.99658463737329
12.1875 0.001076040617680852 8.622099156014017e-218 0.0022863700859176847 99.99663758929631
12.20703125 0.0010593565772876437 3.3987062791717296e-218 0.002250923197601147 99.99668972022502
12.2265625 0.0010429312481173999 1.3397201687609677e-218 0.002216025862438346 99.99674104288935
12.24609375 0.0010267606176806276 5.28097851124936e-219 0.002181669560395983 99.99679156982184
12.265625 0.0010108407357447317 2.0816827853089298e-219 0.002147845903531654 99.99684131336063
12.28515625 0.0009951677133672294 8.205679483782884e-220 0.0021145466339459683 99.9968902856526
12.3046875 0.0009797377219440077 3.2345539421929287e-220 0.0020817636217664204 99.9969384986562
12.32421875 0.0009645469922723856 1.2750114938713304e-220 0.0020494888631625145 99.99698596414449
12.34375 0.0009495918136287506 5.025897838757452e-221 0.0020177144783916647 99.9970326937079
12.36328125 0.0009348685328605423 1.981130437197927e-221 0.001986432709875391 99.99707869875718
12.3828125 0.000920373553492359 7.809304257702645e-222 0.0019556359203053383 99.99712399052612
12.40234375 0.0009061033348459664 3.078303801477028e-222 0.0019253165907786624 99.99716858007429
12.421875 0.0008920543911739919 1.2134181239979464e-222 0.0018954673189623213 99.99721247828978
12.44140625 0.0008782232908070907 4.7830986931691204e-223 0.0018660808172858278 99.99725569589182
12.4609375 0.0008646066553143728 1.8854198483896832e-223 0.0018371499111620212 99.99729824343343
12.48046875 0.0008512011586768858 7.432016708944979e-224 0.0018086675372354225 99.997340131304
12.5 0.0008380035264739472 2.9295785835065827e-224 0.0017806267416577465 99.99738136973178
12.51953125 0.0008250105350821283 1.1547912933356576e-224 0.0017530206783901506 99.99742196878644
12.5390625 0.0008122190108866907 4.551994467208164e-225 0.001725842607531803 99.99746193838149
12.55859375 0.0007996258295052819 1.79431971158047e-225 0.0016990858936743666 99.99750128827672
12.578125 0.0007872279150236982 7.072904766067559e-226 0.001672744004281991 99.99754002808059
12.59765625 0.0007750222392435279 2.788018649913141e-226 0.0016468105080964237 99.99757816725256
12.6171875 0.0007630058209414878 1.098989193840494e-226 0.001621279073566845 99.99761571510538
12.63671875 0.0007511757251402734 4.332026004296503e-227 0.0015961434673040483 99.99765268080745
12.65625 0.00073952906239074 1.707609549526747e-227 0.0015713975525585844 99.99768907338495
12.67578125 0.0007280629880652405 6.731099084594206e-228 0.0015470352877225012 99.99772490172411
12.6953125 0.0007167747016619457 2.653281218814855e-228 0.0015230507248543109 99.99776017457339
12.71484375 0.0007056614461199746 1.0458766675349299e-228 0.001499438008226826 99.99779490054556
12.734375 0.0006947205071451684 4.1226603827271055e-229 0.0014761913728975088 99.99782908811986
12.75390625 0.0006839492125463402 1.6250792346432112e-229 0.0014533051433009857 99.99786274564406
12.7734375 0.0006733449315818388 6.405771148913913e-230 0.0014307737318633824 99.99789588133646
12.79296875 0.000662905074316265 2.5250396148949408e-230 0.001408591637638142 99.99792850328795
12.8125 0.0006526270909871832 9.953249102331171e-231 0.0013867534449629926 99.99796061946395
12.83203125 0.0006425084713816711 3.9233897452051084e-231 0.001365253822137737 99.99799223770638
12.8515625 0.0006325467442225559 1.546528526621067e-231 0.0013440875201225415 99.99802336573556
12.87109375 0.0006227394765641857 6.0961314457436844e-232 0.0013232493712564042 99.99805401115209
12.890625 0.0006130842731975866 2.4029825478955648e-232 0.0013027342879954945 99.99808418143871
12.91015625 0.000603578776064861 9.472111865470353e-233 0.0012825372616710505 99.99811388396218
12.9296875 0.0005942206636826822 3.7337301731670406e-233 0.0012626533612665346 99.99814312597496
12.94921875 0.0005850076505747433 1.4717666278176491e-233 0.0012430777322137464 99.99817191461712
12.96875 0.0005759374867130229 5.801427708111135e-234 0.001223805595207602 99.99820025691798
12.98828125 0.0005670079569677276 2.286813419091108e-234 0.0012048322450392867 99.99822815979789
13.0078125 0.0005582168805657796 9.014185559921516e-235 0.001186153049447498 99.99825563006988
13.02734375 0.0005495621105577126 3.5532206051261455e-235 0.0011677634479875007 99.99828267444134
13.046875 0.0005410415332928485 1.4006117561066254e-235 0.0011496589509177126 99.99830929951568
13.06640625 0.0005326530679026246 5.5209432285760555e-236 0.0011318351381035543 99.99833551179388
13.0859375 0.0005243946657919438 2.1762496552143053e-236 0.001114287657938292 99.99836131767616
13.10546875 0.0005162643101384247 8.578356099766654e-237 0.001097012226280612 99.99838672346347
13.125 0.0005082600153994269 3.381421798160078e-237 0.0010800046254086657 99.99841173535908
13.14453125 0.0005003798268267323 1.3328907348277825e-237 0.0010632607029903319 99.99843635947008
13.1640625 0.0004926218199887614 5.2539952402189156e-238 0.0010467763710694416 99.99846060180883
13.18359375 0.00048498410030020937 2.0710220692359548e-238 0.0010305476050677222 99.99848446829452
13.203125 0.00047746480255898475 8.163562194306965e-239 0.001014570442802214 99.99850796475452
13.22265625 0.0004700620904903386 3.2179153315518576e-239 0.0009988409835179199 99.99853109692587
13.2421875 0.0004627741562980712 1.2684385994353523e-239 0.0009833553869354535 99.99855387045665
13.26171875 0.0004555992202227069 4.999933363772128e-240 0.0009681098723134512 99.99857629090734
13.28125 0.0004485355301065284 1.970874247341168e-240 0.0009531007175255207 99.99859836375224
13.30078125 0.00044158136096536434 7.768792928099029e-241 0.0009383242581514999 99.99862009438075
13.3203125 0.0004347350145670244 3.062302651512107e-241 0.0009237768865828046 99.99864148809873
13.33984375 0.000427994819016279 1.2070982204124758e-241 0.0009094550511416466 99.99866255012972
13.359375 0.00042135912834628217 4.758138119151447e-242 0.0008953552552139065 99.99868328561632
13.37890625 0.00041482632211633667 1.8755619614004156e-242 0.000881474056395451 99.99870369962137
13.3984375 0.0004083948050159034 7.393085441911586e-243 0.0008678080656516848 99.99872379712922
13.41796875 0.0004020630064747579 2.914204155847234e-243 0.0008543539464901321 99.99874358304692
13.4375 0.0003958293802791978 1.1487199419956207e-243 0.0008411084141458469 99.99876306220546
13.45703125 0.0003896924041942084 4.5280194995556544e-244 0.0008280682347794513 99.9987822393609
13.4765625 0.00038365057959149256 1.7848526062002407e-244 0.000815230224687608 99.9988011191956
13.49609375 0.00037770243108327416 7.035522711654508e-245 0.000802591249525733 99.99881970631928
13.515625 0.00037184650616178594 2.773258317391627e-245 0.0007901482235427587 99.99883800527019
13.53515625 0.0003660813748443524 1.0931612362354173e-245 0.000777898108827761 99.99885602051621
13.5546875 0.0003604056293239818 4.3090156062382987e-246 0.0007658379145682669 99.99887375645599
13.57421875 0.0003548178836253808 1.698524660674652e-246 0.0007539646963200604 99.99889121741994
13.59375 0.0003493167732663082 6.695231422243422e-247 0.000742275555288309 99.99890840767132
13.61328125 0.0003439009549241842 2.639120844989606e-247 0.0007307676376198357 99.99892533140734
13.6328125 0.0003385691061078741 1.0402863719085223e-247 0.0007194381337063635 99.99894199276007
13.65234375 0.0003333199248345655 4.100591342012015e-248 0.0007082842774985606 99.99895839579754
13.671875 0.00032815212931166013 1.616367172362563e-248 0.0006973033458307226 99.99897454452473
13.69140625 0.0003230644576236028 6.371379933307187e-249 0.0006864926577559227 99.99899044288449
13.7109375 0.00031805566742356984 2.51146388079268e-249 0.0006758495738914702 99.99900609475856
13.73046875 0.0003131245356299423 9.899660977880041e-250 0.000665371495774517 99.99902150396846
13.75 0.0003082698581274894 3.9022371615210317e-250 0.0006550558652276537 99.99903667427651
13.76953125 0.000303490449473189 1.5381792643079964e-250 0.000644900163734342 99.99905160938665
13.7890625 0.0002987851426066129 6.063176333615998e-251 0.0006349019118240294 99.99906631294543
13.80859375 0.00029415278856480666 2.3899752326279562e-251 0.0006250586684667976 99.99908078854283
13.828125 0.000289592256201593 9.420773397765874e-252 0.0006153680304773956 99.99909503971318
13.84765625 0.0002851024319112316 3.713467876307779e-252 0.000605827631928512 99.99910906993603
13.8671875 0.0002806822193563663 1.4637696636170382e-252 0.0005964351435731445 99.99912288263694
13.88671875 0.00027633053920019375 5.76986658110115e-253 0.0005871882722759241 99.99913648118839
13.90625 0.0002720463288427881 2.2743576401924365e-253 0.0005780847604532564 99.99914986891056
13.92578125 0.0002678285421615163 8.965029114072888e-254 0.0005691223855221418 99.99916304907218
13.9453125 0.0002636761492554821 3.5338215127026565e-254 0.0005602989593575418 99.99917602489126
13.96484375 0.0002595881361939341 1.392956250887694e-254 0.0005516123277581578 99.99918879953591
13.984375 0.0002555635047685782 5.490732725349839e-255 0.0005430603699204917 99.99920137612517
14.00390625 0.0002516012722497328 2.164328073834235e-255 0.0005346409979210619 99.99921375772969
14.0234375 0.000247700471146267 8.531312372190201e-256 0.0005263521562066447 99.99922594737251
14.04296875 0.00024386014896926394 3.3628582205801996e-256 0.0005181918210924206 99.9992379480298
14.0625 0.0002400793679993503 1.3255656297352189e-256 0.0005101580002679001 99.99924976263159
14.08203125 0.0002363572050576359 5.2250912094867316e-257 0.0005022487323105098 99.99926139406249
14.1015625 0.00023269275128020715 2.0596170646941837e-257 0.0004944620862067197 99.99927284516237
14.12109375 0.0002290851118961186 8.118560885201016e-258 0.00048679616088059433 99.99928411872708
14.140625 0.0002255334060088294 3.2001592310478732e-258 0.0004792490847296536 99.99929521750911
14.16015625 0.00022203676638102995 1.2614327156452804e-258 0.0004718190151679289 99.99930614421831
14.1796875 0.0002185943392228071 4.972291248395589e-259 0.00046450413817610383 99.99931690152246
14.19921875 0.00021520528398309555 1.9599680649987479e-259 0.0004573026678586293 99.99932749204802
14.21875 0.0002118687731443644 7.725763310599454e-260 0.00045021284600770467 99.99933791838072
14.23828125 0.0002085839920204891 3.045325861164243e-260 0.0004432329416740192 99.99934818306618
14.2578125 0.00020535013855775872 1.2004003433999898e-260 0.00043636125074414796 99.99935828861057
14.27734375 0.00020216642313897047 4.731713280286548e-261 0.00042959609552450023 99.9993682374812
14.296875 0.00019903206839056296 1.8651368373167958e-261 0.00042293582433171757 99.99937803210715
14.31640625 0.00019594630899274172 7.351956841380683e-262 0.00041637881108942264 99.99938767487978
14.3359375 0.00019290839149254977 2.8979785638197965e-262 0.0004099234549312198 99.99939716815344
14.35546875 0.00018991757411983816 1.1423188923368027e-262 0.00040356817980985026 99.99940651424593
14.375 0.00018697312660609112 4.502767488675975e-263 0.0003973114341124071 99.99941571543914
14.39453125 0.00018407433000606168 1.7748908716177417e-263 0.0003911516902815158 99.99942477397957
14.4140625 0.00018122047652217396 6.99622490689758e-264 0.00038508744444238746 99.9994336920789
14.43359375 0.00017841086933164944 2.7577560209550467e-264 0.00037911721603565453 99.99944247191449
14.453125 0.00017564482241631466 1.0870459287170789e-264 0.00037323954745589847 99.99945111562998
14.47265625 0.00017292166039504898 4.284892391913859e-265 0.00036745300369578186 99.99945962533576
14.4921875 0.00017024071835883124 1.6890088289962128e-265 0.0003617561719956974 99.9994680031095
14.51171875 0.00016760134170834507 6.657694978989185e-266 0.00035614766149884893 99.99947625099665
14.53125 0.00016500288599410326 2.6243142783358508e-266 0.00035062610291167965 99.99948437101095
14.55078125 0.00016244471675905172 1.0344458644994075e-266 0.0003451901481695651 99.99949236513493
14.5703125 0.00015992620938361506 4.077553497467608e-267 0.0003398384701076889 99.99950023532037
14.58984375 0.00015744674893314545 1.6072800109581287e-267 0.0003345697621370214 99.99950798348878
14.609375 0.00015500573000773782 6.335536479005794e-268 0.00032938273792532146 99.99951561153192
14.62890625 0.00015260255659437438 2.4973259201539796e-268 0.000324276131083084 99.99952312131218
14.6484375 0.0001502366419213625 9.843896318321347e-269 0.0003192486948543567 99.99953051466308
14.66796875 0.0001479074083150303 3.880242018248849e-269 0.0003142992018123495 99.99953779338972
14.6875 0.00014561428705864497 1.5295038531943485e-269 0.00030942644355976435 99.99954495926923
14.70703125 0.00014335671825351927 6.028958781481201e-270 0.00030462923043376945 99.99955201405116
14.7265625 0.00014113415068227228 2.376479281771421e-270 0.00029990639121554874 99.99955895945796
14.74609375 0.00013894604167421086 9.367543725997616e-271 0.0002952567728443538 99.99956579718534
14.765625 0.00013679185697279924 3.692473648350884e-271 0.00029067924013598896 99.99957252890275
14.78515625 0.00013467107060518394 1.4554894428004775e-271 0.000286172675505661 99.99957915625374
14.8046875 0.00013258316475374242 5.737209310332383e-272 0.0002817359786951259 99.99958568085641
14.82421875 0.0001305276296296238 2.2614776989788142e-272 0.0002773680665040651 99.99959210430373
14.84375 0.00012850396334825113 8.914231423786514e-273 0.0002730678725256273 99.99959842816399
14.86328125 0.00012651167180675437 3.5137873956474846e-273 0.00026883434688606953 99.99960465398118
14.8828125 0.00012455026856330432 1.3850550579346186e-273 0.00026466645598843515 99.99961078327532
14.90234375 0.000122619274718318 5.459571723599516e-274 0.00026056318226020563 99.99961681754289
14.921875 0.00012071821879750643 2.1520387921913593e-274 0.0002565235239048646 99.99962275825716
14.94140625 0.00011884663663673626 8.482846281786119e-275 0.00025254649465731357 99.99962860686857
14.9609375 0.00011700407126867696 3.3437444687880437e-275 0.00024863112354307955 99.99963436480505
14.98046875 0.00011519007281120612 1.3180277289384891e-275 0.0002447764546412559 99.9996400334724
15.0 0.00011340419835754533 5.195364182873386e-276 0.00024098154685111826 99.99964561425465
15.01953125 0.00011164601186809998 2.0478937840590393e-276 0.0002372454736623591 99.99965110851433
15.0390625 0.0001099150840639764 8.07232879368239e-277 0.00023356732292888395 99.99965651759287
15.05859375 0.00010821099232215047 3.181927216209002e-277 0.00022994619664611516 99.9996618428109
15.078125 0.00010653332057226198 1.2542428199811509e-277 0.00022638121073174778 99.99966708546856
15.09765625 0.00010488165919500945 4.943937703691893e-278 0.00022287149480990478 99.99967224684586
15.1171875 0.00010325560492212083 1.9487868490216074e-278 0.0002194161919986385 99.99967732820295
15.13671875 0.00010165476073787532 7.681670512032514e-279 0.00021601445870072668 99.99968233078043
15.15625 0.0001000787357821525 3.0279381148664444e-279 0.00021266546439771178 99.99968725579969
15.17578125 9.852714525498496e-05 1.1935436303183926e-279 0.0002093683914471336 99.99969210446316
15.1953125 9.69996103225911e-05 4.704674583321822e-280 0.00020612243488290534 99.99969687795466
15.21484375 9.549575802486516e-05 1.8544744933922214e-280 0.00020292680221878457 99.99970157743962
15.234375 9.401522118430195e-05 7.309911603982847e-281 0.00019978071325489128 99.99970620406543
15.25390625 9.255763831633387e-05 2.8813988064791424e-281 0.00019668339988722534 99.99971075896167
15.2734375 9.112265354105847e-05 1.1357810142943464e-281 0.00019363410592013728 99.99971524324042
15.29296875 8.97099164963348e-05 4.4769869024752665e-282 0.0001906320868817064 99.9997196579965
15.3125 8.831908225222759e-05 1.764724964606577e-282 0.00018767660984198115 99.99972400430778
15.33203125 8.694981122677804e-05 6.956138522036456e-283 0.0001847669532340375 99.99972828323541
15.3515625 8.560176910308085e-05 2.741949179154868e-283 0.0001819024066778114 99.99973249582409
15.37109375 8.427462674764718e-05 1.0808130192450944e-283 0.0001790822708066627 99.99973664310232
15.390625 8.296806013003358e-05 4.2603150976418126e-284 0.0001763058570966277 99.99974072608265
15.41015625 8.168175024371724e-05 1.679317688326645e-284 0.00017357248769831908 99.99974474576193
15.4296875 8.041538302819821e-05 6.61948178469282e-285 0.00017088149527143186 99.99974870312157
15.44921875 7.91686492923097e-05 2.6092464923551296e-285 0.0001682322228218152 99.99975259912776
15.46875 7.794124463871748e-05 1.028504540496671e-285 0.00016562402354107004 99.9997564347317
15.48828125 7.673286938959021e-05 4.054126600847109e-286 0.0001630562606486337 99.99976021086984
15.5078125 7.554322851342229e-05 1.5980427321394889e-286 0.00016052830723631265 99.99976392846412
15.52734375 7.437203155299149e-05 6.299113861985739e-287 0.0001580395461152256 99.9997675884222
15.546875 7.321899255443379e-05 2.4829645432342213e-287 0.00015558936966511943 99.99977119163765
15.56640625 7.208382999741797e-05 9.787269926818993e-288 0.00015317717968602146 99.99977473899018
15.5859375 7.096626672640302e-05 3.8579145437754334e-288 0.00015080238725219142 99.99977823134589
15.60546875 6.986602988296146e-05 1.5207002946419901e-288 0.00014846441256833784 99.99978166955741
15.625 6.87828508391522e-05 5.994247161145267e-289 0.00014616268482806345 99.9997850544642
15.64453125 6.771646513192646e-05 2.3627928724675773e-289 0.0001438966420745054 99.99978838689266
15.6640625 6.66666123985509e-05 9.313579966318209e-290 0.0001416657310631358 99.99979166765641
15.68359375 6.563303631303208e-05 3.6711965233179505e-290 0.00013946940712668957 99.99979489755643
15.703125 6.461548452352675e-05 1.4471002187514546e-290 0.00013730713404218618 99.9997980773813
15.72265625 6.361370859072272e-05 5.704132107804037e-291 0.00013517838390001325 99.99980120790738
15.7421875 6.262746392717521e-05 2.2484360077615398e-291 0.00013308263697503955 99.99980428989898
15.76171875 6.16565097375838e-05 8.862810811280379e-292 0.00013101938159972652 99.99980732410855
15.78125 6.070060895999557e-05 3.4935134257294036e-292 0.00012898811403920678 99.99981031127689
15.80078125 5.9759528207919916e-05 1.3770615281299984e-292 0.00012698833836829941 99.99981325213331
15.8203125 5.883303771334092e-05 5.428055318358145e-293 0.00012501956635043202 99.99981614739582
15.83984375 5.792091127061342e-05 2.1396127433117614e-293 0.00012308131731843987 99.9998189977713
15.859375 5.7022926181229025e-05 8.433853988320071e-294 0.00012117311805721312 99.99982180395565
15.87890625 5.613886319943858e-05 3.3244283066935793e-294 0.00011929450268816333 99.999824566634
15.8984375 5.526850647871782e-05 1.3104119856571804e-294 0.00011744501255548124 99.99982728648085
15.91796875 5.4411643519063135e-05 5.165337859277072e-295 0.00011562419611415802 99.99982996416026
15.9375 5.356806511510457e-05 2.0360554535503973e-295 0.0001138316088197424 99.99983260032596
15.95703125 5.273756530502337e-05 8.025654557361991e-296 0.00011206681301980711 99.99983519562157
15.9765625 5.191994132026158e-05 3.1635253247121927e-296 0.00011032937784709796 99.99983775068073
15.99609375 5.111499353601154e-05 1.2469876729305393e-296 0.00010861887911433945 99.99984026612724
16.015625 5.0322525422472936e-05 4.915333589335878e-297 0.00010693489921067126 99.99984274257525
16.03515625 4.954234349686577e-05 1.9375094395929886e-297 0.00010527702699969038 99.99984518062939
16.0546875 4.8774257276187365e-05 7.637208535100102e-298 0.00010364485771907397 99.99984758088489
16.07421875 4.8018079230701874e-05 3.010408725342434e-298 0.00010203799288175834 99.99984994392777
16.09375 4.727362473815102e-05 1.1866325898174758e-298 0.00010045604017865007 99.99985227033497
16.11328125 4.654071203867481e-05 4.6774275809160925e-299 9.889861338284548e-05 99.99985456067446
16.1328125 4.581916219043121e-05 1.8437323068643863e-299 9.736533225533497e-05 99.99985681550544
16.15234375 4.510879902590398e-05 7.267560441403871e-300 9.585582245216931e-05 99.9998590353784
16.171875 4.440944910888802e-05 2.864701873915483e-300 9.436971543306521e-05 99.99986122083534
16.19140625 4.3720941692141584e-05 1.1291982731242175e-300 9.290664837142778e-05 99.99986337240982
16.2109375 4.3043108675695234e-05 4.451034616688907e-301 9.1466264065768e-05 99.99986549062714
16.23046875 4.237578456580714e-05 1.7544933724491965e-301 9.004821085249352e-05 99.99986757600446
16.25 4.171880643455484e-05 6.915800962932673e-302 8.865214252005152e-05 99.99986962905092
16.26953125 4.1072013880053556e-05 2.7260463344716916e-302 8.727771822440267e-05 99.99987165026776
16.2890625 4.043524898729132e-05 1.0745434334884927e-302 8.592460240580547e-05 99.99987364014848
16.30859375 3.980835628957134e-05 4.235597758155991e-303 8.45924647068909e-05 99.99987559917888
16.328125 3.91911827305523e-05 1.669573100776125e-303 8.3280979892007e-05 99.99987752783726
16.34765625 3.858357762687712e-05 6.581064728471903e-304 8.198982776781407e-05 99.99987942659449
16.3671875 3.798539263138129e-05 2.5941009927478444e-304 8.071869310511078e-05 99.99988129591415
16.38671875 3.7396481696871544e-05 1.0225336096419432e-304 7.946726556187237e-05 99.99988313625263
16.40625 3.681670104046627e-05 4.030586982678808e-305 7.8235239607482e-05 99.99988494805925
16.42578125 3.6245909108488755e-05 1.5887625663070838e-305 7.702231444813671e-05 99.99988673177634
16.4453125 3.568396654190478e-05 6.262528190747351e-306 7.582819395341002e-05 99.9998884878394
16.46484375 3.513073614229612e-05 2.468541221148e-306 7.465258658395284e-05 99.99989021667717
16.484375 3.458608283836164e-05 9.730408392262697e-307 7.349520532031549e-05 99.99989191871174
16.50390625 3.4049873652937773e-05 3.835497885777486e-307 7.235576759287314e-05 99.99989359435865
16.5234375 3.352197767053035e-05 1.5118629419612181e-307 7.123399521283761e-05 99.99989524402702
16.54296875 3.3002266005349854e-05 5.959407609708536e-308 7.012961430433882e-05 99.99989686811959
16.5625 3.249061176984231e-05 2.3490580837218695e-308 6.904235523755917e-05 99.99989846703289
16.58203125 3.198689004370807e-05 9.25943345383618e-309 6.79719525629046e-05 99.99990004115729
16.6015625 3.149097784340097e-05 3.649850445624374e-309 6.691814494619621e-05 99.9999015908771
16.62109375 3.1002754092100435e-05 1.43868501206098e-309 6.588067510486664e-05 99.99990311657069
16.640625 3.05220995901491e-05 5.6709571324968e-310 6.485928974514567e-05 99.99990461861056
16.66015625 3.0048896985948856e-05 2.2353575792636e-310 6.38537395002196e-05 99.99990609736341
16.6796875 2.9583030747308123e-05 8.811252383768e-311 6.286377886934952e-05 99.99990755319028
16.69921875 2.9124387133233363e-05 3.473187846796e-311 6.188916615793321e-05 99.99990898644661
16.71875 2.8672854166157997e-05 1.369048708642e-311 6.092966341849662e-05 99.99991039748232
16.73828125 2.8228321604601885e-05 5.39646696553e-312 5.998503639259988e-05 99.99991178664192
16.7578125 2.7790680916254723e-05 2.12715992073e-312 5.905505445364423e-05 99.99991315426455
16.77734375 2.7359825251476767e-05 8.3847623153e-313 5.813949055056544e-05 99.99991450068411
16.796875 2.693564941721044e-05 3.30507536047e-313 5.723812115240035e-05 99.99991582622934
16.81640625 2.6518049851296416e-05 1.30278267e-313 5.635072619371271e-05 99.99991713122387
16.8359375 2.610692459718794e-05 5.1352616343e-314 5.547708902086516e-05 99.9999184159863
16.85546875 2.5702173279057185e-05 2.024198849e-314 5.461699633912421e-05 99.9999196808303
16.875 2.530369707728758e-05 7.978913706e-315 5.377023816058522e-05 99.99992092606469
16.89453125 2.4911398704346132e-05 3.14509928e-315 5.2936607752904795e-05 99.99992215199347
16.9140625 2.4525182381029824e-05 1.23972382e-315 5.211590158882794e-05 99.99992335891596
16.93359375 2.4144953813080307e-05 4.8866983e-316 5.130791929649779e-05 99.99992454712682
16.953125 2.3770620168161187e-05 1.926221e-316 5.0512463610535683e-05 99.99992571691615
16.97265625 2.3402090053192256e-05 7.592708e-317 4.972934032387968e-05 99.99992686856956
16.9921875 2.303927349203515e-05 2.992866e-317 4.895835824036972e-05 99.99992800236821
17.01171875 2.268208190352499e-05 1.179717e-317 4.819932912806795e-05 99.99992911858891
17.03125 2.2330428079842605e-05 4.650166e-318 4.745206767330267e-05 99.99993021750419
17.05078125 2.1984226165222135e-05 1.832984e-318 4.6716391435424836e-05 99.99993129938234
17.0703125 2.1643391634988707e-05 7.22517e-319 4.599212080226594e-05 99.9999323644875
17.08984375 2.130784127492116e-05 2.848e-319 4.527907894628649e-05 99.99993341307972
17.109375 2.0977493160934726e-05 1.1226e-319 4.457709178140434e-05 99.999934445415
17.12890625 2.065226663907872e-05 4.425e-320 4.3885987920492304e-05 99.99993546174538
17.1484375 2.033208230584436e-05 1.744e-320 4.320559863353475e-05 99.999936462319
17.16796875 2.0016861988777902e-05 6.877e-321 4.2535757806432885e-05 99.99993744738015
17.1875 1.9706528727394356e-05 2.71e-321 4.187630190044873e-05 99.99993841716932
17.20703125 1.9401006754387132e-05 1.07e-321 4.122706991227783e-05 99.99993937192328
17.2265625 1.9100221477129002e-05 4.25e-322 4.0587903334740997e-05 99.99994031187514
17.24609375 1.88040994594599e-05 1.7e-322 3.995864611808548e-05 99.99994123725438
17.265625 1.8512568403757074e-05 6.4e-323 3.933914463188609e-05 99.99994214828692
17.28515625 1.8225557133283243e-05 2.5e-323 3.872924762753699e-05 99.9999430451952
17.3046875 1.7942995574808424e-05 1e-323 3.8128806201325e-05 99.99994392819818
17.32421875 1.7664814741501203e-05 5e-324 3.7537673758075424e-05 99.99994479751146
17.34375 1.739094671608526e-05 0.0 3.695570597536142e-05 99.99994565334727
17.36328125 1.7121324634257045e-05 0.0 3.638276076826838e-05 99.99994649591456
17.3828125 1.6855882668360552e-05 0.0 3.5818698254704445e-05 99.99994732541904
17.40234375 1.6594556011315203e-05 0.0 3.526338072124893e-05 99.99994814206323
17.421875 1.6337280860792915e-05 0.0 3.47166725895302e-05 99.99994894604652
17.44140625 1.6083994403640504e-05 0.0 3.417844038312475e-05 99.99994973756517
17.4609375 1.5834634800543587e-05 0.0 3.364855269496958e-05 99.99995051681246
17.48046875 1.558914117092828e-05 0.0 3.312688015527967e-05 99.99995128397863
17.5 1.5347453578096964e-05 0.0 3.2613295399962935e-05 99.99995203925099
17.51953125 1.5109513014594537e-05 0.0 3.2107673039524845e-05 99.9999527828139
17.5390625 1.4875261387801517e-05 0.0 3.160988962845509e-05 99.99995351484894
17.55859375 1.4644641505750538e-05 0.0 3.111982363508893e-05 99.99995423553482
17.578125 1.4417597063162741e-05 0.0 3.063735541193572e-05 99.99995494504748
17.59765625 1.419407262770066e-05 0.0 3.0162367166467545e-05 99.99995564356016
17.6171875 1.3974013626434252e-05 0.0 2.9694742932360648e-05 99.9999563312434
17.63671875 1.3757366332516744e-05 0.0 2.9234368541182762e-05 99.99995700826508
17.65625 1.3544077852067081e-05 0.0 2.8781131594519388e-05 99.99995767479051
17.67578125 1.3334096111255734e-05 0.0 2.83349214365322e-05 99.99995833098241
17.6953125 1.3127369843590738e-05 0.0 2.7895629126942917e-05 99.99995897700099
17.71484375 1.2923848577400859e-05 0.0 2.7463147414435986e-05 99.99995961300397
17.734375 1.2723482623512796e-05 0.0 2.7037370710473646e-05 99.99996023914663
17.75390625 1.2526223063119472e-05 0.0 2.661819506351695e-05 99.99996085558183
17.7734375 1.2332021735836392e-05 0.0 2.620551813364643e-05 99.99996146246009
17.79296875 1.2140831227943182e-05 0.0 2.5799239167576275e-05 99.99996205992957
17.8125 1.1952604860807437e-05 0.0 2.5399258974055825e-05 99.99996264813613
17.83203125 1.1767296679488045e-05 0.0 2.5005479899652476e-05 99.99996322722339
17.8515625 1.1584861441515209e-05 0.0 2.4617805804910003e-05 99.99996379733273
17.87109375 1.1405254605844408e-05 0.0 2.4236142040876538e-05 99.99996435860332
17.890625 1.1228432321981641e-05 0.0 2.3860395425996436e-05 99.99996491117221
17.91015625 1.105435141927726e-05 0.0 2.3490474223360403e-05 99.99996545517432
17.9296875 1.0882969396385787e-05 0.0 2.3126288118308317e-05 99.99996599074245
17.94921875 1.0714244410889164e-05 0.0 2.2767748196379307e-05 99.99996651800735
17.96875 1.0548135269080867e-05 0.0 2.241476692160367e-05 99.99996703709778
17.98828125 1.0384601415908413e-05 0.0 2.2067258115131334e-05 99.99996754814043
18.0078125 1.0223602925071807e-05 0.0 2.1725136934191673e-05 99.9999680512601
18.02734375 1.0065100489275492e-05 0.0 2.1388319851379516e-05 99.99996854657961
18.046875 9.909055410631432e-06 0.0 2.1056724634262276e-05 99.9999690342199
18.06640625 9.755429591211e-06 0.0 2.0730270325303276e-05 99.99996951430003
18.0859375 9.604185523743335e-06 0.0 2.0408877222096312e-05 99.9999699869372
18.10546875 9.455286282457914e-06 0.0 2.0092466857906643e-05 99.99997045224681
18.125 9.308695514069108e-06 0.0 1.9780961982513695e-05 99.99997091034245
18.14453125 9.164377428900503e-06 0.0 1.9474286543350744e-05 99.99997136133598
18.1640625 9.022296792146843e-06 0.0 1.9172365666937013e-05 99.9999718053375
18.18359375 8.882418915271427e-06 0.0 1.8875125640597635e-05 99.9999722424554
18.203125 8.744709647536902e-06 0.0 1.8582493894467027e-05 99.99997267279642
18.22265625 8.609135367667352e-06 0.0 1.8294398983771265e-05 99.99997309646561
18.2421875 8.475662975639652e-06 0.0 1.8010770571385158e-05 99.99997351356642
18.26171875 8.344259884602101e-06 0.0 1.7731539410659738e-05 99.99997392420067
18.28125 8.214894012918337e-06 0.0 1.7456637328515995e-05 99.99997432846862
18.30078125 8.087533776334609e-06 0.0 1.718599720880071e-05 99.99997472646898
18.3203125 7.962148080268489e-06 0.0 1.6919552975900342e-05 99.9999751182989
18.33984375 7.838706312217125e-06 0.0 1.665723957860895e-05 99.99997550405408
18.359375 7.717178334283217e-06 0.0 1.6398992974246218e-05 99.99997588382865
18.37890625 7.597534475816852e-06 0.0 1.614475011302173e-05 99.99997625771537
18.3984375 7.4797455261714275e-06 0.0 1.589444892264161e-05 99.99997662580552
18.41796875 7.363782727571886e-06 0.0 1.5648028293153864e-05 99.99997698818895
18.4375 7.249617768093518e-06 0.0 1.5405428062028633e-05 99.99997734495413
18.45703125 7.137222774749617e-06 0.0 1.5166588999469779e-05 99.99997769618818
18.4765625 7.026570306686315e-06 0.0 1.4931452793954191e-05 99.99997804197686
18.49609375 6.917633348482908e-06 0.0 1.469996203799527e-05 99.99997838240458
18.515625 6.810385303556066e-06 0.0 1.4472060214127145e-05 99.99997871755444
18.53515625 6.704799987666296e-06 0.0 1.4247691681106177e-05 99.99997904750829
18.5546875 6.600851622525083e-06 0.0 1.4026801660326393e-05 99.99997937234667
18.57421875 6.498514829501141e-06 0.0 1.3809336222445521e-05 99.9999796921489
18.59375 6.3977646234242475e-06 0.0 1.359524227421838e-05 99.99998000699306
18.61328125 6.298576406485137e-06 0.0 1.338446754553439e-05 99.999980316956
18.6328125 6.200925962229971e-06 0.0 1.3176960576656054e-05 99.99998062211341
18.65234375 6.1047894496479215e-06 0.0 1.2972670705655283e-05 99.99998092253979
18.671875 6.010143397350411e-06 0.0 1.2771548056044507e-05 99.99998121830849
18.69140625 5.916964697840602e-06 0.0 1.2573543524599548e-05 99.99998150949172
18.7109375 5.8252306018717325e-06 0.0 1.2378608769371277e-05 99.99998179616057
18.73046875 5.734918712892915e-06 0.0 1.218669619788314e-05 99.99998207838503
18.75 5.646006981581049e-06 0.0 1.1997758955511656e-05 99.999982356234
18.76953125 5.5584737004575106e-06 0.0 1.1811750914047073e-05 99.99998262977532
18.7890625 5.472297498588301e-06 0.0 1.1628626660431352e-05 99.99998289907577
18.80859375 5.387457336366365e-06 0.0 1.1448341485670776e-05 99.99998316420111
18.828125 5.303932500374804e-06 0.0 1.127085137392044e-05 99.99998342521606
18.84765625 5.221702598329727e-06 0.0 1.1096112991737969e-05 99.99998368218434
18.8671875 5.140747554101506e-06 0.0 1.0924083677503851e-05 99.9999839351687
18.88671875 5.0610476028132245e-06 0.0 1.0754721431005786e-05 99.9999841842309
18.90625 4.9825832860151145e-06 0.0 1.0587984903184515e-05 99.99998442943175
18.92578125 4.905335446933811e-06 0.0 1.0423833386038624e-05 99.99998467083111
18.9453125 4.829285225795258e-06 0.0 1.0262226802685866e-05 99.99998490848792
18.96484375 4.75441405522013e-06 0.0 1.0103125697578561e-05 99.99998514246019
18.984375 4.680703655690642e-06 0.0 9.946491226870698e-06 99.99998537280506
19.00390625 4.608136031087638e-06 0.0 9.792285148934372e-06 99.99998559957876
19.0234375 4.5366934642968725e-06 0.0 9.640469815023263e-06 99.99998582283666
19.04296875 4.466358512883414e-06 0.0 9.491008160080851e-06 99.99998604263327
19.0625 4.39711400483311e-06 0.0 9.34386369369115e-06 99.99998625902224
19.08203125 4.328943034360069e-06 0.0 9.199000491169725e-06 99.9999864720564
19.1015625 4.261828957779156e-06 0.0 9.05638318479284e-06 99.99998668178779
19.12109375 4.195755389442468e-06 0.0 8.915976955162578e-06 99.99998688826759
19.140625 4.130706197738811e-06 0.0 8.777747522705837e-06 99.99998709154622
19.16015625 4.0666655011552066e-06 0.0 8.641661139305123e-06 99.99998729167329
19.1796875 4.003617664399452e-06 0.0 8.507684580059088e-06 99.99998748869768
19.19921875 3.941547294582802e-06 0.0 8.37578513517082e-06 99.9999876826675
19.21875 3.880439237461826e-06 0.0 8.245930601961883e-06 99.99998787363009
19.23828125 3.82027857373854e-06 0.0 8.118089277010176e-06 99.99998806163208
19.2578125 3.7610506154178875e-06 0.0 7.99222994840968e-06 99.99998824671937
19.27734375 3.7027409022217084e-06 0.0 7.868321888150198e-06 99.99998842893714
19.296875 3.6453351980582916e-06 0.0 7.746334844615256e-06 99.99998860832989
19.31640625 3.588819487546668e-06 0.0 7.626239035196297e-06 99.99998878494141
19.3359375 3.533179972594793e-06 0.0 7.508005139021382e-06 99.99998895881482
19.35546875 3.4784030690307723e-06 0.0 7.391604289796632e-06 99.99998912999257
19.375 3.4244754032863245e-06 0.0 7.277008068758646e-06 99.99998929851645
19.39453125 3.3713838091316557e-06 0.0 7.16418849773618e-06 99.99998946442761
19.4140625 3.31911532446096e-06 0.0 7.053118032319401e-06 99.99998962776657
19.43359375 3.2676571881277535e-06 0.0 6.943769555135037e-06 99.99998978857317
19.453125 3.2169968368292764e-06 0.0 6.836116369225786e-06 99.99998994688671
19.47265625 3.1671219020391932e-06 0.0 6.730132191532374e-06 99.99999010274583
19.4921875 3.1180202069878516e-06 0.0 6.625791146476656e-06 99.99999025618857
19.51171875 3.069679763689357e-06 0.0 6.5230677596442066e-06 99.9999904072524
19.53125 3.022088770014738e-06 0.0 6.4219369515648534e-06 99.9999905559742
19.55078125 2.9752356068104904e-06 0.0 6.322374031589631e-06 99.99999070239028
19.5703125 2.9291088350617915e-06 0.0 6.224354691862666e-06 99.99999084653639
19.58984375 2.883697193099698e-06 0.0 6.127855001386521e-06 99.99999098844772
19.609375 2.83898959385164e-06 0.0 6.032851400179545e-06 99.99999112815892
19.62890625 2.7949751221345458e-06 0.0 5.939320693523802e-06 99.9999912657041
19.6484375 2.751643031989929e-06 0.0 5.847240046302188e-06 99.99999140111683
19.66796875 2.7089827440602964e-06 0.0 5.756586977423328e-06 99.9999915344302
19.6875 2.666983843006226e-06 0.0 5.667339354332922e-06 99.99999166567672
19.70703125 2.6256360749634946e-06 0.0 5.579475387610174e-06 99.99999179488846
19.7265625 2.5849293450396264e-06 0.0 5.492973625647999e-06 99.99999192209695
19.74609375 2.5448537148492556e-06 0.0 5.407812949415708e-06 99.99999204733327
19.765625 2.5053994000876985e-06 0.0 5.323972567302886e-06 99.99999217062796
19.78515625 2.466556768142146e-06 0.0 5.241432010043211e-06 99.99999229201116
19.8046875 2.42831633573989e-06 0.0 5.160171125716973e-06 99.99999241151248
19.82421875 2.3906687666330117e-06 0.0 5.080170074831068e-06 99.9999925291611
19.84375 2.3536048693189655e-06 0.0 5.001409325475271e-06 99.99999264498575
19.86328125 2.317115594796502e-06 0.0 4.923869648553608e-06 99.9999927590147
19.8828125 2.281192034356383e-06 0.0 4.847532113089651e-06 99.9999928712758
19.90234375 2.2458254174063475e-06 0.0 4.772378081604608e-06 99.99999298179644
19.921875 2.211007109329799e-06 0.0 4.698389205567056e-06 99.99999309060362
19.94140625 2.1767286093776926e-06 0.0 4.625547420913232e-06 99.99999319772391
19.9609375 2.142981548593104e-06 0.0 4.553834943636767e-06 99.99999330318344
19.98046875 2.1097576877679743e-06 0.0 4.483234265446801e-06 99.99999340700798
20.0 2.077048915431535e-06 0.0 4.413728149493406e-06 99.99999350922286
