0.0 1.0
0.00146484375 1.0029339832284467
0.0029296875 1.0058765747144782
0.00439453125 1.008827799714578
0.005859375 1.0117876835593316
0.00732421875 1.0147562516536435
0.0087890625 1.017733529476957
0.01025390625 1.02071954258347
0.01171875 1.023714316602358
0.01318359375 1.0267178772379901
0.0146484375 1.0297302502701529
0.01611328125 1.0327514615542697
0.017578125 1.035781537021624
0.01904296875 1.03882050267958
0.0205078125 1.0418683846118086
0.02197265625 1.0449252089785086
0.0234375 1.0479910020166328
0.02490234375 1.0510657900401126
0.0263671875 1.0541495994400845
0.02783203125 1.0572424566851155
0.029296875 1.0603443883214314
0.03076171875 1.0634554209731442
0.0322265625 1.0665755813424802
0.03369140625 1.06970489621001
0.03515625 1.0728433924348775
0.03662109375 1.0759910969550313
0.0380859375 1.0791480367874553
0.03955078125 1.082314239028401
0.041015625 1.0854897308536195
0.04248046875 1.0886745395185953
0.0439453125 1.0918686923587797
0.04541015625 1.0950722167898266
0.046875 1.0982851403078258
0.04833984375 1.1015074904895412
0.0498046875 1.104739294992646
0.05126953125 1.1079805815559607
0.052734375 1.1112313779996905
0.05419921875 1.1144917122256655
0.0556640625 1.1177616122175784
0.05712890625 1.1210411060412264
0.05859375 1.1243302218447506
0.06005859375 1.127628987858879
0.0615234375 1.1309374323971673
0.06298828125 1.1342555838562434
0.064453125 1.1375834707160497
0.06591796875 1.1409211215400887
0.0673828125 1.144268564975668
0.06884765625 1.1476258297541455
0.0703125 1.1509929446911764
0.07177734375 1.1543699386869608
0.0732421875 1.1577568407264915
0.07470703125 1.1611536798798026
0.076171875 1.1645604853022191
0.07763671875 1.1679772862346076
0.0791015625 1.1714041120036267
0.08056640625 1.174840992021979
0.08203125 1.1782879557886632
0.08349609375 1.181745032889228
0.0849609375 1.1852122529960252
0.08642578125 1.1886896458684653
0.087890625 1.1921772413532716
0.08935546875 1.195675069384738
0.0908203125 1.1991831599849847
0.09228515625 1.2027015432642165
0.09375 1.2062302494209807
0.09521484375 1.209769308742427
0.0966796875 1.213318751604567
0.09814453125 1.2168786084725347
0.099609375 1.2204489099008486
0.10107421875 1.224029686533674
0.1025390625 1.2276209691050848
0.10400390625 1.2312227884393285
0.10546875 1.234835175451091
0.10693359375 1.2384581611457606
0.1083984375 1.2420917766196953
0.10986328125 1.245736053060489
0.111328125 1.24939102174724
0.11279296875 1.2530567140508184
0.1142578125 1.2567331614341362
0.11572265625 1.2604203954524167
0.1171875 1.2641184477534664
0.11865234375 1.2678273500779451
0.1201171875 1.27154713425964
0.12158203125 1.2752778322257372
0.123046875 1.2790194759970974
0.12451171875 1.2827720976885297
0.1259765625 1.2865357295090674
0.12744140625 1.2903104037622446
0.12890625 1.2940961528463732
0.13037109375 1.297893009254822
0.1318359375 1.3017010055762939
0.13330078125 1.305520174495107
0.134765625 1.3093505487914747
0.13623046875 1.3131921613417863
0.1376953125 1.3170450451188909
0.13916015625 1.3209092331923786
0.140625 1.3247847587288655
0.14208984375 1.328671654992278
0.1435546875 1.332569955344138
0.14501953125 1.3364796932438496
0.146484375 1.3404009022489867
0.14794921875 1.34433361601558
0.1494140625 1.3482778682984071
0.15087890625 1.3522336929512806
0.15234375 1.3562011239273402
0.15380859375 1.3601801952793438
0.1552734375 1.3641709411599587
0.15673828125 1.3681733958220565
0.158203125 1.3721875936190053
0.15966796875 1.3762135690049664
0.1611328125 1.3802513565351877
0.16259765625 1.3843009908663029
0.1640625 1.3883625067566268
0.16552734375 1.3924359390664551
0.1669921875 1.3965213227583626
0.16845703125 1.400618692897504
0.169921875 1.4047280846519141
0.17138671875 1.408849533292811
0.1728515625 1.4129830741948972
0.17431640625 1.4171287428366641
0.17578125 1.4212865748006966
0.17724609375 1.4254566057739786
0.1787109375 1.429638871548198
0.18017578125 1.4338334080200559
0.181640625 1.4380402511915735
0.18310546875 1.442259437170401
0.1845703125 1.4464910021701278
0.18603515625 1.4507349825105942
0.1875 1.4549914146182013
0.18896484375 1.4592603350262252
0.1904296875 1.4635417803751296
0.19189453125 1.4678357874128813
0.193359375 1.4721423929952648
0.19482421875 1.4764616340861982
0.1962890625 1.4807935477580523
0.19775390625 1.4851381711919667
0.19921875 1.4894955416781699
0.20068359375 1.4938656966163
0.2021484375 1.498248673515724
0.20361328125 1.5026445099958619
0.205078125 1.5070532437865072
0.20654296875 1.5114749127281533
0.2080078125 1.5159095547723156
0.20947265625 1.5203572079818597
0.2109375 1.5248179105313266
0.21240234375 1.5292917007072608
0.2138671875 1.5337786169085388
0.21533203125 1.5382786976466987
0.216796875 1.542791981546271
0.21826171875 1.54731850734511
0.2197265625 1.5518583138947257
0.22119140625 1.5564114401606184
0.22265625 1.5609779252226124
0.22412109375 1.565557808275191
0.2255859375 1.5701511286278345
0.22705078125 1.5747579257053552
0.228515625 1.5793782390482385
0.22998046875 1.5840121083129797
0.2314453125 1.5886595732724265
0.23291015625 1.5933206738161192
0.234375 1.5979954499506333
0.23583984375 1.6026839417999226
0.2373046875 1.6073861896056645
0.23876953125 1.6121022337276045
0.240234375 1.6168321146439029
0.24169921875 1.6215758729514822
0.2431640625 1.6263335493663758
0.24462890625 1.631105184724077
0.24609375 1.6358908199798898
0.24755859375 1.640690496209281
0.2490234375 1.645504254608231
0.25048828125 1.6503321364935892
0.251953125 1.6551741833034281
0.25341796875 1.6600304365973986
0.2548828125 1.6649009380570865
0.25634765625 1.6697857294863712
0.2578125 1.674684852811784
0.25927734375 1.6795983500828675
0.2607421875 1.6845262634725375
0.26220703125 1.689468635277444
0.263671875 1.6944255079183348
0.26513671875 1.6993969239404196
0.2666015625 1.7043829260137349
0.26806640625 1.70938355693351
0.26953125 1.7143988596205357
0.27099609375 1.7194288771215307
0.2724609375 1.7244736526095124
0.27392578125 1.729533229384167
0.275390625 1.7346076508722215
0.27685546875 1.7396969606278159
0.2783203125 1.7448012023328778
0.27978515625 1.7499204197974962
0.28125 1.7550546569602985
0.28271484375 1.7602039578888273
0.2841796875 1.765368366779919
0.28564453125 1.7705479279600815
0.287109375 1.7757426858858776
0.28857421875 1.7809526851443038
0.2900390625 1.7861779704531744
0.29150390625 1.791418586661505
0.29296875 1.7966745787498977
0.29443359375 1.8019459918309266
0.2958984375 1.8072328711495254
0.29736328125 1.8125352620833757
0.298828125 1.8178532101432967
0.30029296875 1.8231867609736352
0.3017578125 1.828535960352658
0.30322265625 1.8339008541929445
0.3046875 1.8392814885417808
0.30615234375 1.8446779095815549
0.3076171875 1.8500901636301534
0.30908203125 1.8555182971413586
0.310546875 1.8609623567052476
0.31201171875 1.8664223890485914
0.3134765625 1.8718984410352575
0.31494140625 1.8773905596666107
0.31640625 1.8828987920819167
0.31787109375 1.8884231855587477
0.3193359375 1.893963787513387
0.32080078125 1.8995206455012368
0.322265625 1.9050938072172259
0.32373046875 1.910683320496219
0.3251953125 1.9162892333134278
0.32666015625 1.9219115937848226
0.328125 1.9275504501675447
0.32958984375 1.9332058508603212
0.3310546875 1.9388778444038806
0.33251953125 1.9445664794813684
0.333984375 1.9502718049187666
0.33544921875 1.9559938696853107
0.3369140625 1.961732722893912
0.33837890625 1.9674884138015782
0.33984375 1.9732609918098354
0.34130859375 1.9790505064651536
0.3427734375 1.9848570074593714
0.34423828125 1.9906805446301221
0.345703125 1.9965211679612622
0.34716796875 2.0023789275832997
0.3486328125 2.0082538737738242
0.35009765625 2.01414605695794
0.3515625 2.0200555277086965
0.35302734375 2.025982336747525
0.3544921875 2.0319265349446716
0.35595703125 2.0378881733196352
0.357421875 2.043867303041605
0.35888671875 2.0498639754298997
0.3603515625 2.0558782419544084
0.36181640625 2.061910154236031
0.36328125 2.067959764047124
0.36474609375 2.0740271233119407
0.3662109375 2.0801122841070816
0.36767578125 2.086215298661938
0.369140625 2.092336219359141
0.37060546875 2.0984750987350123
0.3720703125 2.1046319894800143
0.37353515625 2.110806944439201
0.375 2.117000016612675
0.37646484375 2.1232112591560375
0.3779296875 2.1294407253808507
0.37939453125 2.13568846875509
0.380859375 2.1419545429036044
0.38232421875 2.148239001608579
0.3837890625 2.1545418988099936
0.38525390625 2.160863288606088
0.38671875 2.1672032252538247
0.38818359375 2.173561763169355
0.3896484375 2.179938956928487
0.39111328125 2.1863348612671527
0.392578125 2.1927495310818794
0.39404296875 2.199183021430258
0.3955078125 2.205635387531419
0.39697265625 2.212106684766505
0.3984375 2.2185969686791447
0.39990234375 2.2251062949759324
0.4013671875 2.231634719526903
0.40283203125 2.2381822983660142
0.404296875 2.244749087691627
0.40576171875 2.251335143866985
0.4072265625 2.2579405234207037
0.40869140625 2.2645652830472502
0.41015625 2.2712094796074336
0.41162109375 2.277873170128891
0.4130859375 2.2845564118065784
0.41455078125 2.2912592620032592
0.416015625 2.29798177825
0.41748046875 2.3047240182466617
0.4189453125 2.311486039862396
0.42041015625 2.318267901136141
0.421875 2.325069660277121
0.42333984375 2.3318913756653443
0.4248046875 2.338733105852106
0.42626953125 2.3455949095604893
0.427734375 2.35247684568587
0.42919921875 2.3593789732964217
0.4306640625 2.3663013516336235
0.43212890625 2.3732440401127675
0.43359375 2.3802070983234693
0.43505859375 2.3871905860301803
0.4365234375 2.394194563172699
0.43798828125 2.401219089866686
0.439453125 2.408264226404181
0.44091796875 2.415330033254119
0.4423828125 2.4224165710628505
0.44384765625 2.4295239006546603
0.4453125 2.4366520830322917
0.44677734375 2.4438011793774685
0.4482421875 2.45097125105142
0.44970703125 2.4581623595954105
0.451171875 2.4653745667312625
0.45263671875 2.472607934361891
0.4541015625 2.4798625245718333
0.45556640625 2.4871383996277805
0.45703125 2.4944356219791146
0.45849609375 2.5017542542584414
0.4599609375 2.509094359282131
0.46142578125 2.516456000050855
0.462890625 2.5238392397501284
0.46435546875 2.531244141750851
0.4658203125 2.538670769609852
0.46728515625 2.5461191870704356
0.46875 2.553589458062927
0.47021484375 2.561081646705222
0.4716796875 2.5685958173033376
0.47314453125 2.5761320343519643
0.474609375 2.5836903625350174
0.47607421875 2.5912708667261946
0.4775390625 2.598873611989532
0.47900390625 2.606498663579962
0.48046875 2.6141460869438746
0.48193359375 2.6218159477196776
0.4833984375 2.6295083117383613
0.48486328125 2.637223245024063
0.486328125 2.6449608137946337
0.48779296875 2.652721084462206
0.4892578125 2.660504123633765
0.49072265625 2.66830999811172
0.4921875 2.6761387748944765
0.49365234375 2.683990521177013
0.4951171875 2.6918653043514564
0.49658203125 2.6997631920076612
0.498046875 2.70768425193379
0.49951171875 2.715628552116893
0.5009765625 2.723596160743495
0.50244140625 2.7315871462001784
0.50390625 2.7396015770741706
0.50537109375 2.7476395221539325
0.5068359375 2.7557010504297494
0.50830078125 2.7637862310943233
0.509765625 2.7718951335433664
0.51123046875 2.7800278273761956
0.5126953125 2.7881843823963326
0.51416015625 2.796364868612101
0.515625 2.8045693562372263
0.51708984375 2.812797915691442
0.5185546875 2.8210506176010908
0.52001953125 2.829327532799732
0.521484375 2.837628732328749
0.52294921875 2.84595428743796
0.5244140625 2.8543042695862293
0.52587890625 2.862678750442079
0.52734375 2.871077801884307
0.52880859375 2.8795014960026015
0.5302734375 2.8879499050981603
0.53173828125 2.896423101684313
0.533203125 2.9049211584871406
0.53466796875 2.9134441484461018
0.5361328125 2.921992144714659
0.53759765625 2.930565220660905
0.5390625 2.9391634498681936
0.54052734375 2.9477869061357707
0.5419921875 2.956435663479408
0.54345703125 2.965109796132038
0.544921875 2.973809378544393
0.54638671875 2.98253448538564
0.5478515625 2.991285191544025
0.54931640625 3.0000615721275166
0.55078125 3.0088637024644465
0.55224609375 3.0176916581041593
0.5537109375 3.0265455148176605
0.55517578125 3.0354253485982663
0.556640625 3.0443312356622556
0.55810546875 3.0532632524495256
0.5595703125 3.062221475624245
0.56103515625 3.071205982075516
0.5625 3.080216848918031
0.56396484375 3.089254153492736
0.5654296875 3.098317973367493
0.56689453125 3.1074083863377484
0.568359375 3.116525470427198
0.56982421875 3.1256693038884586
0.5712890625 3.134839965203738
0.57275390625 3.1440375330855104
0.57421875 3.1532620864771905
0.57568359375 3.1625137045538114
0.5771484375 3.1717924667227053
0.57861328125 3.181098452624184
0.580078125 3.190431742132221
0.58154296875 3.199792415355141
0.5830078125 3.209180552636304
0.58447265625 3.2185962345547967
0.5859375 3.2280395419261225
0.58740234375 3.2375105558028965
0.5888671875 3.2470093574755414
0.59033203125 3.2565360284729845
0.591796875 3.2660906505633567
0.59326171875 3.2756733057546965
0.5947265625 3.2852840762956514
0.59619140625 3.294923044676186
0.59765625 3.304590293628289
0.59912109375 3.314285906126682
0.6005859375 3.324009965389535
0.60205078125 3.3337625548791783
0.603515625 3.3435437583028174
0.60498046875 3.353353659613256
0.6064453125 3.3631923430096116
0.60791015625 3.373059892938042
0.609375 3.382956394092469
0.61083984375 3.392881931415303
0.6123046875 3.4028365900981754
0.61376953125 3.4128204555826684
0.615234375 3.422833613561048
0.61669921875 3.432876149977
0.6181640625 3.4429481510263673
0.61962890625 3.4530497031578906
0.62109375 3.463180893073949
0.62255859375 3.473341807731305
0.6240234375 3.4835325343418515
0.62548828125 3.4937531603733594
0.626953125 3.5040037735502274
0.62841796875 3.514284461854238
0.6298828125 3.5245953135253094
0.63134765625 3.5349364170622546
0.6328125 3.545307861223541
0.63427734375 3.5557097350280515
0.6357421875 3.5661421277558487
0.63720703125 3.5766051289489416
0.638671875 3.5870988284120546
0.64013671875 3.5976233162133964
0.6416015625 3.608178682685436
0.64306640625 3.6187650184256737
0.64453125 3.6293824142974245
0.64599609375 3.640030961430593
0.6474609375 3.6507107512224573
0.64892578125 3.661421875338454
0.650390625 3.6721644257129653
0.65185546875 3.682938494550106
0.6533203125 3.6937441743245167
0.65478515625 3.704581557782158
0.65625 3.715450737941104
0.65771484375 3.726351808092343
0.6591796875 3.7372848618005783
0.66064453125 3.7482499929050292
0.662109375 3.7592472955202383
0.66357421875 3.7702768640368785
0.6650390625 3.7813387931225635
0.66650390625 3.79243317772266
0.66796875 3.8035601130611036
0.66943359375 3.8147196946412136
0.6708984375 3.8259120182465165
0.67236328125 3.837137179941565
0.673828125 3.848395276072763
0.67529296875 3.859686403269194
0.6767578125 3.87101065844345
0.67822265625 3.8823681387924616
0.6796875 3.893758941798335
0.68115234375 3.9051831652291855
0.6826171875 3.9166409071399806
0.68408203125 3.928132265873378
0.685546875 3.9396573400605712
0.68701171875 3.951216228622136
0.6884765625 3.96280903076888
0.68994140625 3.974435846002693
0.69140625 3.9860967741174025
0.69287109375 3.997791915199629
0.6943359375 4.009521369629645
0.69580078125 4.021285238082237
0.697265625 4.03308362152757
0.69873046875 4.044916621232056
0.7001953125 4.056784338759217
0.70166015625 4.0686868759705614
0.703125 4.08062433502646
0.70458984375 4.09259681838702
0.7060546875 4.104604428812961
0.70751953125 4.116647269366507
0.708984375 4.12872544341226
0.71044921875 4.140839054618093
0.7119140625 4.1529882069560395
0.71337890625 4.165173004703186
0.71484375 4.177393552442564
0.71630859375 4.189649955064052
0.7177734375 4.201942317765273
0.71923828125 4.214270746052497
0.720703125 4.226635345741548
0.72216796875 4.239036222958714
0.7236328125 4.251473484141654
0.72509765625 4.263947236040312
0.7265625 4.276457585717836
0.72802734375 4.289004640551496
0.7294921875 4.301588508233604
0.73095703125 4.31420929677244
0.732421875 4.32686711449318
0.73388671875 4.339562070038821
0.7353515625 4.352294272371118
0.73681640625 4.36506383077152
0.73828125 4.3778708548421035
0.73974609375 4.390715454506516
0.7412109375 4.4035977400109205
0.74267578125 4.416517821924939
0.744140625 4.429475811142602
0.74560546875 4.4424718188833054
0.7470703125 4.455505956692757
0.74853515625 4.4685783364439375
0.75 4.4816890703380645
0.75146484375 4.494838270905549
0.7529296875 4.508026051006967
0.75439453125 4.521252523834023
0.755859375 4.534517802910524
0.75732421875 4.547822002093357
0.7587890625 4.56116523557346
0.76025390625 4.5745476178768065
0.76171875 4.587969263865388
0.76318359375 4.601430288738198
0.7646484375 4.6149308080322236
0.76611328125 4.628470937623432
0.767578125 4.642050793727773
0.76904296875 4.655670492902168
0.7705078125 4.669330152045517
0.77197265625 4.6830298883997
0.7734375 4.696769819550579
0.77490234375 4.710550063429015
0.7763671875 4.724370738311875
0.77783203125 4.738231962823047
0.779296875 4.75213385593446
0.78076171875 4.766076536967105
0.7822265625 4.780060125592061
0.78369140625 4.794084741831515
0.78515625 4.8081505060598015
0.78662109375 4.822257539004428
0.7880859375 4.8364059617471185
0.78955078125 4.850595895724844
0.791015625 4.864827462730874
0.79248046875 4.8791007849158134
0.7939453125 4.893415984788658
0.79541015625 4.907773185217841
0.796875 4.922172509432291
0.79833984375 4.936614081022487
0.7998046875 4.951098023941521
0.80126953125 4.965624462506161
0.802734375 4.980193521397919
0.80419921875 4.99480532566412
0.8056640625 5.009460000718975
0.80712890625 5.024157672344659
0.80859375 5.03889846669239
0.81005859375 5.053682510283513
0.8115234375 5.0685099300105785
0.81298828125 5.083380853138445
0.814453125 5.098295407305361
0.81591796875 5.113253720524062
0.8173828125 5.128255921182872
0.81884765625 5.143302138046806
0.8203125 5.15839250025867
0.82177734375 5.173527137340174
0.8232421875 5.188706179193044
0.82470703125 5.203929756100135
0.826171875 5.219197998726548
0.82763671875 5.234511038120754
0.8291015625 5.24986900571572
0.83056640625 5.2652720333300325
0.83203125 5.280720253169033
0.83349609375 5.296213797825949
0.8349609375 5.311752800283039
0.83642578125 5.327337393912725
0.837890625 5.342967712478742
0.83935546875 5.358643890137287
0.8408203125 5.3743660614381685
0.84228515625 5.390134361325962
0.84375 5.405948925141167
0.84521484375 5.421809888621371
0.8466796875 5.4377173879024125
0.84814453125 5.4536715595195515
0.849609375 5.469672540408639
0.85107421875 5.485720467907294
0.8525390625 5.501815479756081
0.85400390625 5.517957714099694
0.85546875 5.534147309488141
0.85693359375 5.550384404877932
0.8583984375 5.566669139633277
0.85986328125 5.5830016535272735
0.861328125 5.5993820867431126
0.86279296875 5.615810579875282
0.8642578125 5.63228727393077
0.86572265625 5.648812310330277
0.8671875 5.66538583090943
0.86865234375 5.682007977919998
0.8701171875 5.698678894031116
0.87158203125 5.715398722330507
0.873046875 5.73216760632571
0.87451171875 5.748985689945316
0.8759765625 5.765853117540196
0.87744140625 5.782770033884746
0.87890625 5.799736584178128
0.88037109375 5.816752914045516
0.8818359375 5.833819169539344
0.88330078125 5.850935497140564
0.884765625 5.868102043759898
0.88623046875 5.885318956739104
0.8876953125 5.9025863838522366
0.88916015625 5.919904473306917
0.890625 5.937273373745606
0.89208984375 5.9546932342468795
0.8935546875 5.972164204326705
0.89501953125 5.98968643393973
0.896484375 6.007260073480564
0.89794921875 6.024885273785074
0.8994140625 6.042562186131676
0.90087890625 6.060290962242632
0.90234375 6.078071754285359
0.90380859375 6.095904714873729
0.9052734375 6.113789997069378
0.90673828125 6.131727754383025
0.908203125 6.149718140775786
0.90966796875 6.167761310660497
0.9111328125 6.185857418903038
0.91259765625 6.204006620823662
0.9140625 6.222209072198331
0.91552734375 6.2404649292600505
0.9169921875 6.25877434870021
0.91845703125 6.277137487669929
0.919921875 6.295554503781407
0.92138671875 6.314025555109274
0.9228515625 6.332550800191949
0.92431640625 6.351130398032999
0.92578125 6.369764508102507
0.92724609375 6.388453290338434
0.9287109375 6.407196905148003
0.93017578125 6.425995513409063
0.931640625 6.44484927647148
0.93310546875 6.463758356158515
0.9345703125 6.482722914768216
0.93603515625 6.501743115074813
0.9375 6.520819120330112
0.93896484375 6.539951094264896
0.9404296875 6.55913920109033
0.94189453125 6.578383605499377
0.943359375 6.597684472668202
0.94482421875 6.617041968257594
0.9462890625 6.63645625841439
0.94775390625 6.655927509772898
0.94921875 6.675455889456329
0.95068359375 6.69504156507823
0.9521484375 6.714684704743924
0.95361328125 6.7343854770519505
0.955078125 6.754144051095516
0.95654296875 6.773960596463944
0.9580078125 6.793835283244128
0.95947265625 6.8137682820219965
0.9609375 6.833759763883972
0.96240234375 6.853809900418441
0.9638671875 6.873918863717232
0.96533203125 6.894086826377081
0.966796875 6.9143139615011275
0.96826171875 6.934600442700387
0.9697265625 6.954946444095249
0.97119140625 6.9753521403169705
0.97265625 6.995817706509171
0.97412109375 7.016343318329339
0.9755859375 7.036929151950342
0.97705078125 7.057575384061932
0.978515625 7.078282191872269
0.97998046875 7.099049753109435
0.9814453125 7.119878246022967
0.98291015625 7.140767849385382
0.984375 7.1617187424937105
0.98583984375 7.182731105171039
0.9873046875 7.203805117768055
0.98876953125 7.2249409611645845
0.990234375 7.246138816771159
0.99169921875 7.267398866530564
0.9931640625 7.288721292919397
0.99462890625 7.310106278949645
0.99609375 7.331554008170247
0.99755859375 7.35306466466867
0.9990234375 7.374638433072493
1.00048828125 7.3962754985509855
1.001953125 7.417976046816706
1.00341796875 7.439740264127086
1.0048828125 7.461568337286035
1.00634765625 7.483460453645542
1.0078125 7.505416801107282
1.00927734375 7.527437568124234
1.0107421875 7.54952294370229
1.01220703125 7.571673117401887
1.013671875 7.593888279339625
1.01513671875 7.616168620189906
1.0166015625 7.638514331186565
1.01806640625 7.660925604124517
1.01953125 7.683402631361397
1.02099609375 7.705945605819215
1.0224609375 7.728554720986011
1.02392578125 7.751230170917517
1.025390625 7.77397215023882
1.02685546875 7.796780854146033
1.0283203125 7.819656478407972
1.02978515625 7.842599219367836
1.03125 7.865609273944891
1.03271484375 7.8886868396361605
1.0341796875 7.911832114518122
1.03564453125 7.935045297248404
1.037109375 7.958326587067496
1.03857421875 7.981676183800454
1.0400390625 8.005094287858618
1.04150390625 8.02858110024133
1.04296875 8.052136822537662
1.04443359375 8.075761656928147
1.0458984375 8.099455806186507
1.04736328125 8.123219473681404
1.048828125 8.147052863378178
1.05029296875 8.170956179840598
1.0517578125 8.194929628232623
1.05322265625 8.21897341432016
1.0546875 8.243087744472826
1.05615234375 8.267272825665723
1.0576171875 8.29152886548122
1.05908203125 8.315856072110725
1.060546875 8.340254654356475
1.06201171875 8.364724821633331
1.0634765625 8.389266783970575
1.06494140625 8.41388075201371
1.06640625 8.43856693702627
1.06787109375 8.46332555089163
1.0693359375 8.488156806114832
1.07080078125 8.513060915824399
1.072265625 8.538038093774173
1.07373046875 8.563088554345146
1.0751953125 8.5882125125473
1.07666015625 8.613410184021449
1.078125 8.6386817850411
1.07958984375 8.6640275325143
1.0810546875 8.689447643985497
1.08251953125 8.714942337637417
1.083984375 8.740511832292926
1.08544921875 8.766156347416914
1.0869140625 8.791876103118177
1.08837890625 8.817671320151307
1.08984375 8.843542219918588
1.09130859375 8.86948902447189
1.0927734375 8.895511956514582
1.09423828125 8.921611239403445
1.095703125 8.947787097150576
1.09716796875 8.974039754425329
1.0986328125 9.000369436556227
1.10009765625 9.026776369532907
1.1015625 9.053260780008056
1.10302734375 9.079822895299355
1.1044921875 9.10646294339143
1.10595703125 9.133181152937812
1.107421875 9.159977753262897
1.10888671875 9.186852974363916
1.1103515625 9.213807046912907
1.11181640625 9.240840202258694
1.11328125 9.267952672428876
1.11474609375 9.295144690131822
1.1162109375 9.322416488758654
1.11767578125 9.349768302385268
1.119140625 9.37720036577433
1.12060546875 9.404712914377296
1.1220703125 9.432306184336436
1.12353515625 9.459980412486853
1.125 9.487735836358524
1.12646484375 9.515572694178333
1.1279296875 9.543491224872119
1.12939453125 9.571491668066722
1.130859375 9.599574264092048
1.13232421875 9.627739253983123
1.1337890625 9.655986879482167
1.13525390625 9.684317383040671
1.13671875 9.712731007821468
1.13818359375 9.74122799770083
1.1396484375 9.769808597270561
1.14111328125 9.798473051840087
1.142578125 9.827221607438574
1.14404296875 9.856054510817028
1.1455078125 9.884972009450422
1.14697265625 9.913974351539816
1.1484375 9.943061786014486
1.14990234375 9.97223456253406
1.1513671875 10.001492931490674
1.15283203125 10.030837144011096
1.154296875 10.060267451958905
1.15576171875 10.08978410793664
1.1572265625 10.119387365287976
1.15869140625 10.149077478099887
1.16015625 10.17885470120484
1.16162109375 10.20871929018297
1.1630859375 10.238671501364287
1.16455078125 10.268711591830867
1.166015625 10.298839819419054
1.16748046875 10.32905644272169
1.1689453125 10.359361721090316
1.17041015625 10.389755914637409
1.171875 10.42023928423861
1.17333984375 10.450812091534967
1.1748046875 10.48147459893518
1.17626953125 10.512227069617847
1.177734375 10.54306976753373
1.17919921875 10.574002957408018
1.1806640625 10.6050269047426
1.18212890625 10.63614187581834
1.18359375 10.667348137697372
1.18505859375 10.698645958225379
1.1865234375 10.730035606033901
1.18798828125 10.761517350542642
1.189453125 10.793091461961772
1.19091796875 10.82475821129426
1.1923828125 10.85651787033819
1.19384765625 10.888370711689094
1.1953125 10.9203170087423
1.19677734375 10.952357035695272
1.1982421875 10.984491067549962
1.19970703125 11.016719380115177
1.201171875 11.04904225000894
1.20263671875 11.081459954660865
1.2041015625 11.113972772314545
1.20556640625 11.14658098202993
1.20703125 11.179284863685728
1.20849609375 11.212084697981812
1.2099609375 11.244980766441614
1.21142578125 11.27797335141456
1.212890625 11.311062736078481
1.21435546875 11.344249204442043
1.2158203125 11.377533041347197
1.21728515625 11.410914532471608
1.21875 11.44439396433112
1.22021484375 11.477971624282205
1.2216796875 11.511647800524436
1.22314453125 11.54542278210296
1.224609375 11.579296858910979
1.22607421875 11.61327032169223
1.2275390625 11.647343462043493
1.22900390625 11.681516572417088
1.23046875 11.715789946123381
1.23193359375 11.750163877333314
1.2333984375 11.78463866108091
1.23486328125 11.819214593265826
1.236328125 11.853891970655882
1.23779296875 11.888671090889606
1.2392578125 11.923552252478796
1.24072265625 11.958535754811077
1.2421875 11.993621898152474
1.24365234375 12.028810983649985
1.2451171875 12.06410331333417
1.24658203125 12.099499190121742
1.248046875 12.134998917818164
1.24951171875 12.170602801120262
1.2509765625 12.206311145618836
1.25244140625 12.242124257801285
1.25390625 12.278042445054234
1.25537109375 12.314066015666182
1.2568359375 12.350195278830132
1.25830078125 12.386430544646261
1.259765625 12.422772124124574
1.26123046875 12.459220329187572
1.2626953125 12.495775472672932
1.26416015625 12.53243786833619
1.265625 12.56920783085344
1.26708984375 12.606085675824025
1.2685546875 12.643071719773255
1.27001953125 12.68016628015512
1.271484375 12.71736967535501
1.27294921875 12.754682224692461
1.2744140625 12.792104248423875
1.27587890625 12.829636067745295
1.27734375 12.867278004795134
1.27880859375 12.905030382656966
1.2802734375 12.942893525362276
1.28173828125 12.980867757893261
1.283203125 13.018953406185606
1.28466796875 13.057150797131284
1.2861328125 13.095460258581367
1.28759765625 13.133882119348836
1.2890625 13.172416709211403
1.29052734375 13.21106435891434
1.2919921875 13.249825400173325
1.29345703125 13.288700165677282
1.294921875 13.327688989091238
1.29638671875 13.366792205059186
1.2978515625 13.406010149206962
1.29931640625 13.445343158145121
1.30078125 13.484791569471831
1.30224609375 13.52435572177576
1.3037109375 13.564035954639
1.30517578125 13.603832608639959
1.306640625 13.643746025356306
1.30810546875 13.683776547367888
1.3095703125 13.723924518259679
1.31103515625 13.764190282624723
1.3125 13.804574186067093
1.31396484375 13.845076575204862
1.3154296875 13.885697797673075
1.31689453125 13.926438202126729
1.318359375 13.967298138243768
1.31982421875 14.00827795672809
1.3212890625 14.049378009312552
1.32275390625 14.090598648761983
1.32421875 14.131940228876225
1.32568359375 14.17340310449316
1.3271484375 14.21498763149176
1.32861328125 14.256694166795134
1.330078125 14.298523068373605
1.33154296875 14.340474695247773
1.3330078125 14.382549407491595
1.33447265625 14.424747566235482
1.3359375 14.467069533669395
1.33740234375 14.509515673045954
1.3388671875 14.552086348683556
1.34033203125 14.594781925969503
1.341796875 14.637602771363134
1.34326171875 14.68054925239898
1.3447265625 14.723621737689905
1.34619140625 14.766820596930282
1.34765625 14.810146200899156
1.34912109375 14.85359892146344
1.3505859375 14.897179131581089
1.35205078125 14.940887205304314
1.353515625 14.984723517782792
1.35498046875 15.028688445266878
1.3564453125 15.072782365110843
1.35791015625 15.117005655776106
1.359375 15.161358696834489
1.36083984375 15.205841868971465
1.3623046875 15.250455553989442
1.36376953125 15.295200134811019
1.365234375 15.340075995482291
1.36669921875 15.385083521176135
1.3681640625 15.430223098195519
1.36962890625 15.475495113976816
1.37109375 15.520899957093134
1.37255859375 15.566438017257646
1.3740234375 15.612109685326935
1.37548828125 15.657915353304356
1.376953125 15.703855414343389
1.37841796875 15.749930262751025
1.3798828125 15.796140293991144
1.38134765625 15.842485904687905
1.3828125 15.888967492629163
1.38427734375 15.935585456769873
1.3857421875 15.982340197235516
1.38720703125 16.029232115325534
1.388671875 16.07626161351678
1.39013671875 16.12342909546696
1.3916015625 16.170734966018113
1.39306640625 16.218179631200066
1.39453125 16.265763498233945
1.39599609375 16.313486975535646
1.3974609375 16.36135047271935
1.39892578125 16.40935440060105
1.400390625 16.457499171202052
1.40185546875 16.505785197752534
1.4033203125 16.554212894695084
1.40478515625 16.602782677688257
1.40625 16.65149496361014
1.40771484375 16.70035017056194
1.4091796875 16.749348717871555
1.41064453125 16.798491026097196
1.412109375 16.84777751703098
1.41357421875 16.89720861370255
1.4150390625 16.94678474038272
1.41650390625 16.996506322587102
1.41796875 17.04637378707976
1.41943359375 17.096387561876888
1.4208984375 17.146548076250458
1.42236328125 17.196855760731935
1.423828125 17.24731104711594
1.42529296875 17.29791436846398
1.4267578125 17.348666159108163
1.42822265625 17.39956685465491
1.4296875 17.450616891988705
1.43115234375 17.50181670927585
1.4326171875 17.553166745968213
1.43408203125 17.604667442807013
1.435546875 17.65631924182659
1.43701171875 17.708122586358215
1.4384765625 17.76007792103387
1.43994140625 17.812185691790088
1.44140625 17.86444634587178
1.44287109375 17.916860331836055
1.4443359375 17.969428099556083
1.44580078125 18.022150100224962
1.447265625 18.075026786359572
1.44873046875 18.128058611804477
1.4501953125 18.18124603173581
1.45166015625 18.234589502665187
1.453125 18.28808948244362
1.45458984375 18.34174643026544
1.4560546875 18.395560806672265
1.45751953125 18.449533073556914
1.458984375 18.503663694167404
1.46044921875 18.55795313311091
1.4619140625 18.612401856357756
1.46337890625 18.66701033124542
1.46484375 18.72177902648254
1.46630859375 18.776708412152924
1.4677734375 18.831798959719617
1.46923828125 18.887051142028916
1.470703125 18.942465433314446
1.47216796875 18.99804230920122
1.4736328125 19.05378224670974
1.47509765625 19.109685724260064
1.4765625 19.16575322167593
1.47802734375 19.221985220188877
1.4794921875 19.278382202442362
1.48095703125 19.334944652495913
1.482421875 19.391673055829283
1.48388671875 19.44856789934661
1.4853515625 19.5056296713806
1.48681640625 19.562858861696725
1.48828125 19.620255961497413
1.48974609375 19.67782146342628
1.4912109375 19.735555861572344
1.49267578125 19.79345965147427
1.494140625 19.85153333012463
1.49560546875 19.90977739597417
1.4970703125 19.968192348936068
1.49853515625 20.026778690390245
1.5 20.085536923187664
