0.0 74.0 25.0 0.0 1.0
0.15625 48.18182495193321 -0.7126291112648566 50.80013225475947 1.7306719045721706
0.3125 54.19171501961169 0.6053670214500968 43.138482980645584 2.0644349782926117
0.46875 58.35647709084249 -0.437236581007475 39.460906877208416 2.6198526129565507
0.625 62.586660889663904 0.30413292757829824 33.83611254960789 3.273093633149889
0.78125 65.41700461564778 -0.1955017586766446 30.53683057554994 4.241666567478898
0.9375 67.8857366487986 0.12933509026660045 26.514155791875645 5.470772469059138
1.09375 69.22239440837717 -0.08900744774607952 23.68703782845776 7.179575210911131
1.25 69.83432820078573 0.06976165810319879 20.70095777618545 9.394952364925599
1.40625 69.27447529023735 -0.06478603138619796 18.432652419882707 12.357658321266129
1.5625 67.70246088488683 0.07698666760284989 16.104762103981447 16.115790343528857
1.71875 64.76024474947121 -0.1212720770720721 14.421994202057437 20.939033125543407
1.875 60.75003063641719 0.26998323219883485 12.353049769633985 26.62693636174997
2.03125 55.135112767111615 -0.8379809798645301 11.87748257322506 33.82538563952784
2.1875 49.76977476748091 4.0981164348286026 6.798406407895082 39.33370238979539
2.34375 36.79930231020913 -17.428845762633834 27.810604992256604 52.81893846016809
2.5 22.959280681958084 384.08960387185624 -85.21550204486748 -221.83338250894693
2.65625 -661326.4903012527 304918918.08197385 113155.46982880241 -304370647.0615013
2.8125 2.5135764156102223e+52 4.28175345735428e+56 1.3358714981865172e+29 -4.282004814995842e+56
2.96875 nan inf 5.217905195204668e+221 -inf
3.125 nan nan nan nan
3.28125 nan nan nan nan
3.4375 nan nan nan nan
3.59375 nan nan nan nan
3.75 nan nan nan nan
3.90625 nan nan nan nan
4.0625 nan nan nan nan
4.21875 nan nan nan nan
4.375 nan nan nan nan
4.53125 nan nan nan nan
4.6875 nan nan nan nan
4.84375 nan nan nan nan
5.0 nan nan nan nan
5.15625 nan nan nan nan
5.3125 nan nan nan nan
5.46875 nan nan nan nan
5.625 nan nan nan nan
5.78125 nan nan nan nan
5.9375 nan nan nan nan
6.09375 nan nan nan nan
6.25 nan nan nan nan
6.40625 nan nan nan nan
6.5625 nan nan nan nan
6.71875 nan nan nan nan
6.875 nan nan nan nan
7.03125 nan nan nan nan
7.1875 nan nan nan nan
7.34375 nan nan nan nan
7.5 nan nan nan nan
7.65625 nan nan nan nan
7.8125 nan nan nan nan
7.96875 nan nan nan nan
8.125 nan nan nan nan
8.28125 nan nan nan nan
8.4375 nan nan nan nan
8.59375 nan nan nan nan
8.75 nan nan nan nan
8.90625 nan nan nan nan
9.0625 nan nan nan nan
9.21875 nan nan nan nan
9.375 nan nan nan nan
9.53125 nan nan nan nan
9.6875 nan nan nan nan
9.84375 nan nan nan nan
10.0 nan nan nan nan
10.15625 nan nan nan nan
10.3125 nan nan nan nan
10.46875 nan nan nan nan
10.625 nan nan nan nan
10.78125 nan nan nan nan
10.9375 nan nan nan nan
11.09375 nan nan nan nan
11.25 nan nan nan nan
11.40625 nan nan nan nan
11.5625 nan nan nan nan
11.71875 nan nan nan nan
11.875 nan nan nan nan
12.03125 nan nan nan nan
12.1875 nan nan nan nan
12.34375 nan nan nan nan
12.5 nan nan nan nan
12.65625 nan nan nan nan
12.8125 nan nan nan nan
12.96875 nan nan nan nan
13.125 nan nan nan nan
13.28125 nan nan nan nan
13.4375 nan nan nan nan
13.59375 nan nan nan nan
13.75 nan nan nan nan
13.90625 nan nan nan nan
14.0625 nan nan nan nan
14.21875 nan nan nan nan
14.375 nan nan nan nan
14.53125 nan nan nan nan
14.6875 nan nan nan nan
14.84375 nan nan nan nan
15.0 nan nan nan nan
15.15625 nan nan nan nan
15.3125 nan nan nan nan
15.46875 nan nan nan nan
15.625 nan nan nan nan
15.78125 nan nan nan nan
15.9375 nan nan nan nan
16.09375 nan nan nan nan
16.25 nan nan nan nan
16.40625 nan nan nan nan
16.5625 nan nan nan nan
16.71875 nan nan nan nan
16.875 nan nan nan nan
17.03125 nan nan nan nan
17.1875 nan nan nan nan
17.34375 nan nan nan nan
17.5 nan nan nan nan
17.65625 nan nan nan nan
17.8125 nan nan nan nan
17.96875 nan nan nan nan
18.125 nan nan nan nan
18.28125 nan nan nan nan
18.4375 nan nan nan nan
18.59375 nan nan nan nan
18.75 nan nan nan nan
18.90625 nan nan nan nan
19.0625 nan nan nan nan
19.21875 nan nan nan nan
19.375 nan nan nan nan
19.53125 nan nan nan nan
19.6875 nan nan nan nan
19.84375 nan nan nan nan
20.0 nan nan nan nan
